{
 "cells": [
  {
   "cell_type": "code",
   "execution_count": 48,
   "metadata": {
    "vscode": {
     "languageId": "ruby"
    }
   },
   "outputs": [
    {
     "name": "stdout",
     "output_type": "stream",
     "text": [
      "Keys in the .npz file: ['pred_grasps_cam', 'scores', 'contact_pts']\n"
     ]
    },
    {
     "data": {
      "text/plain": [
       "array([[-0.56253284,  0.8267693 ,  0.00307834,  0.37829885],\n",
       "       [-0.7280109 , -0.49709556,  0.4721189 , -0.07426273],\n",
       "       [ 0.3918637 ,  0.2633413 ,  0.88152945,  0.54362816],\n",
       "       [ 0.        ,  0.        ,  0.        ,  1.        ]],\n",
       "      dtype=float32)"
      ]
     },
     "execution_count": 48,
     "metadata": {},
     "output_type": "execute_result"
    }
   ],
   "source": [
    "import numpy as np\n",
    "\n",
    "# Load the .npz file\n",
    "data = np.load('/home/jacinto/robot-grasp/third_party/contact_graspnet/results/predictions_contact_graspnet_input.npz', allow_pickle=True)\n",
    "\n",
    "# Check the keys inside the npz file (optional, to understand its structure)\n",
    "print(\"Keys in the .npz file:\", data.files)\n",
    "\n",
    "# Access the 'scores' array\n",
    "scores = data['scores'].item()\n",
    "pred_grasps_cam = data['pred_grasps_cam'].item()\n",
    "\n",
    "pred_grasps_cam[1][np.argmax(scores[1])]"
   ]
  },
  {
   "cell_type": "code",
   "execution_count": 49,
   "metadata": {},
   "outputs": [
    {
     "name": "stdout",
     "output_type": "stream",
     "text": [
      "{1: array([[[-5.91478229e-01,  8.06186676e-01,  1.47076929e-02,\n",
      "          3.82067531e-01],\n",
      "        [-6.76881313e-01, -5.06357074e-01,  5.34260333e-01,\n",
      "         -8.43571648e-02],\n",
      "        [ 4.38160837e-01,  3.06047976e-01,  8.45192075e-01,\n",
      "          5.47477365e-01],\n",
      "        [ 0.00000000e+00,  0.00000000e+00,  0.00000000e+00,\n",
      "          1.00000000e+00]],\n",
      "\n",
      "       [[ 3.85536365e-02,  8.83494735e-01, -4.66851860e-01,\n",
      "          4.57967937e-01],\n",
      "        [-9.55756545e-01,  1.68949977e-01,  2.40801275e-01,\n",
      "         -5.31640053e-02],\n",
      "        [ 2.91621268e-01,  4.36912954e-01,  8.50919545e-01,\n",
      "          5.79752445e-01],\n",
      "        [ 0.00000000e+00,  0.00000000e+00,  0.00000000e+00,\n",
      "          1.00000000e+00]],\n",
      "\n",
      "       [[-5.90772890e-02,  9.90797698e-01, -1.21777914e-01,\n",
      "          4.14767802e-01],\n",
      "        [-9.50913072e-01, -1.87336914e-02,  3.08890641e-01,\n",
      "         -5.82818836e-02],\n",
      "        [ 3.03766847e-01,  1.34048626e-01,  9.43269134e-01,\n",
      "          5.49069285e-01],\n",
      "        [ 0.00000000e+00,  0.00000000e+00,  0.00000000e+00,\n",
      "          1.00000000e+00]],\n",
      "\n",
      "       [[ 1.23058043e-01,  9.80425894e-01, -1.53693751e-01,\n",
      "          4.50692952e-01],\n",
      "        [-9.41246450e-01,  1.64387137e-01,  2.95011729e-01,\n",
      "         -5.07597104e-02],\n",
      "        [ 3.14502388e-01,  1.08360134e-01,  9.43051636e-01,\n",
      "          5.61113119e-01],\n",
      "        [ 0.00000000e+00,  0.00000000e+00,  0.00000000e+00,\n",
      "          1.00000000e+00]],\n",
      "\n",
      "       [[-1.10747414e-02,  9.54268217e-01, -2.98746675e-01,\n",
      "          4.51072693e-01],\n",
      "        [-9.19754565e-01,  1.07502565e-01,  3.77484769e-01,\n",
      "         -6.18536025e-02],\n",
      "        [ 3.92337739e-01,  2.78954178e-01,  8.76501977e-01,\n",
      "          5.68148911e-01],\n",
      "        [ 0.00000000e+00,  0.00000000e+00,  0.00000000e+00,\n",
      "          1.00000000e+00]],\n",
      "\n",
      "       [[ 9.08810139e-01,  4.00966436e-01, -1.15282059e-01,\n",
      "          4.24262196e-01],\n",
      "        [-3.36445928e-01,  8.67746532e-01,  3.65814060e-01,\n",
      "         -7.09794685e-02],\n",
      "        [ 2.46714815e-01, -2.93669343e-01,  9.23520446e-01,\n",
      "          5.57998002e-01],\n",
      "        [ 0.00000000e+00,  0.00000000e+00,  0.00000000e+00,\n",
      "          1.00000000e+00]],\n",
      "\n",
      "       [[ 3.48248929e-02,  8.99998367e-01, -4.34499830e-01,\n",
      "          4.67937291e-01],\n",
      "        [-9.35454965e-01,  1.82365403e-01,  3.02765250e-01,\n",
      "         -5.47650233e-02],\n",
      "        [ 3.51725996e-01,  3.95911247e-01,  8.48258853e-01,\n",
      "          5.89988589e-01],\n",
      "        [ 0.00000000e+00,  0.00000000e+00,  0.00000000e+00,\n",
      "          1.00000000e+00]],\n",
      "\n",
      "       [[-5.21393418e-01,  8.46022308e-01, -1.11333214e-01,\n",
      "          4.02640462e-01],\n",
      "        [-7.82528162e-01, -4.22022909e-01,  4.57762331e-01,\n",
      "         -7.57347941e-02],\n",
      "        [ 3.40292037e-01,  3.25795650e-01,  8.82076204e-01,\n",
      "          5.51469147e-01],\n",
      "        [ 0.00000000e+00,  0.00000000e+00,  0.00000000e+00,\n",
      "          1.00000000e+00]],\n",
      "\n",
      "       [[-5.02488375e-01,  8.51755857e-01, -1.48383141e-01,\n",
      "          4.03662413e-01],\n",
      "        [-8.27527046e-01, -4.24107939e-01,  3.67874295e-01,\n",
      "         -6.04214445e-02],\n",
      "        [ 2.50408620e-01,  3.07643622e-01,  9.17960227e-01,\n",
      "          5.55580258e-01],\n",
      "        [ 0.00000000e+00,  0.00000000e+00,  0.00000000e+00,\n",
      "          1.00000000e+00]],\n",
      "\n",
      "       [[ 9.99280870e-01, -1.39257833e-02, -3.52663770e-02,\n",
      "          4.04743820e-01],\n",
      "        [ 2.76685711e-02,  9.03771877e-01,  4.27119166e-01,\n",
      "         -7.87545815e-02],\n",
      "        [ 2.59247907e-02, -4.27787781e-01,  9.03507352e-01,\n",
      "          5.51628828e-01],\n",
      "        [ 0.00000000e+00,  0.00000000e+00,  0.00000000e+00,\n",
      "          1.00000000e+00]],\n",
      "\n",
      "       [[-4.89844233e-02,  9.73512650e-01, -2.23323911e-01,\n",
      "          4.25624043e-01],\n",
      "        [-9.59809124e-01,  1.59825180e-02,  2.80197948e-01,\n",
      "         -5.44466823e-02],\n",
      "        [ 2.76345462e-01,  2.28073657e-01,  9.33603525e-01,\n",
      "          5.61014235e-01],\n",
      "        [ 0.00000000e+00,  0.00000000e+00,  0.00000000e+00,\n",
      "          1.00000000e+00]],\n",
      "\n",
      "       [[ 4.66372520e-02,  9.37660217e-01, -3.44410062e-01,\n",
      "          4.63690519e-01],\n",
      "        [-9.47515309e-01,  1.50696144e-01,  2.81966984e-01,\n",
      "         -5.22236377e-02],\n",
      "        [ 3.16290468e-01,  3.13183635e-01,  8.95475507e-01,\n",
      "          5.72036028e-01],\n",
      "        [ 0.00000000e+00,  0.00000000e+00,  0.00000000e+00,\n",
      "          1.00000000e+00]],\n",
      "\n",
      "       [[-8.14224303e-01,  5.80472648e-01,  9.50529333e-03,\n",
      "          3.87806535e-01],\n",
      "        [-4.80231225e-01, -6.82635963e-01,  5.50805032e-01,\n",
      "         -9.20152888e-02],\n",
      "        [ 3.26215923e-01,  4.43914115e-01,  8.34579825e-01,\n",
      "          5.49352348e-01],\n",
      "        [ 0.00000000e+00,  0.00000000e+00,  0.00000000e+00,\n",
      "          1.00000000e+00]],\n",
      "\n",
      "       [[-7.52040207e-01,  6.58003747e-01, -3.82969268e-02,\n",
      "          3.86078566e-01],\n",
      "        [-5.81723154e-01, -6.35295570e-01,  5.07934809e-01,\n",
      "         -8.74080881e-02],\n",
      "        [ 3.09893101e-01,  4.04265612e-01,  8.60543787e-01,\n",
      "          5.39635241e-01],\n",
      "        [ 0.00000000e+00,  0.00000000e+00,  0.00000000e+00,\n",
      "          1.00000000e+00]],\n",
      "\n",
      "       [[-5.37653804e-01,  8.42720628e-01, -2.73916218e-02,\n",
      "          3.85092556e-01],\n",
      "        [-7.58103073e-01, -4.68937725e-01,  4.53185499e-01,\n",
      "         -7.13231638e-02],\n",
      "        [ 3.69063795e-01,  2.64422566e-01,  8.90995264e-01,\n",
      "          5.48604071e-01],\n",
      "        [ 0.00000000e+00,  0.00000000e+00,  0.00000000e+00,\n",
      "          1.00000000e+00]],\n",
      "\n",
      "       [[-4.24116820e-01,  8.82931352e-01, -2.01388285e-01,\n",
      "          4.16352123e-01],\n",
      "        [-8.73313427e-01, -3.39895338e-01,  3.48991126e-01,\n",
      "         -6.24634251e-02],\n",
      "        [ 2.39684224e-01,  3.23888093e-01,  9.15231168e-01,\n",
      "          5.56841135e-01],\n",
      "        [ 0.00000000e+00,  0.00000000e+00,  0.00000000e+00,\n",
      "          1.00000000e+00]],\n",
      "\n",
      "       [[ 9.98921812e-01,  3.05297747e-02, -3.49744149e-02,\n",
      "          4.09716457e-01],\n",
      "        [-1.22896256e-02,  9.00374472e-01,  4.34942335e-01,\n",
      "         -8.12556893e-02],\n",
      "        [ 4.47687618e-02, -4.34043586e-01,  8.99778843e-01,\n",
      "          5.58051765e-01],\n",
      "        [ 0.00000000e+00,  0.00000000e+00,  0.00000000e+00,\n",
      "          1.00000000e+00]],\n",
      "\n",
      "       [[ 8.30417931e-01,  4.99737173e-01, -2.46310323e-01,\n",
      "          4.49816346e-01],\n",
      "        [-4.70341206e-01,  8.65785539e-01,  1.70863748e-01,\n",
      "         -5.48711047e-02],\n",
      "        [ 2.98638910e-01, -2.60384250e-02,  9.54010844e-01,\n",
      "          5.68134665e-01],\n",
      "        [ 0.00000000e+00,  0.00000000e+00,  0.00000000e+00,\n",
      "          1.00000000e+00]],\n",
      "\n",
      "       [[ 1.64022786e-04,  9.85512435e-01, -1.69603407e-01,\n",
      "          4.33921635e-01],\n",
      "        [-9.24626350e-01,  6.47472590e-02,  3.75331819e-01,\n",
      "         -6.26739711e-02],\n",
      "        [ 3.80875558e-01,  1.56758219e-01,  9.11241293e-01,\n",
      "          5.56534111e-01],\n",
      "        [ 0.00000000e+00,  0.00000000e+00,  0.00000000e+00,\n",
      "          1.00000000e+00]],\n",
      "\n",
      "       [[-7.63300136e-02,  9.93020177e-01, -8.99145976e-02,\n",
      "          4.19768989e-01],\n",
      "        [-9.12982404e-01, -3.33585702e-02,  4.06632900e-01,\n",
      "         -6.57179281e-02],\n",
      "        [ 4.00795221e-01,  1.13128744e-01,  9.09156263e-01,\n",
      "          5.51789284e-01],\n",
      "        [ 0.00000000e+00,  0.00000000e+00,  0.00000000e+00,\n",
      "          1.00000000e+00]],\n",
      "\n",
      "       [[-7.09188953e-02,  9.32433248e-01, -3.54314625e-01,\n",
      "          4.48815733e-01],\n",
      "        [-9.45679426e-01,  5.01308888e-02,  3.21212381e-01,\n",
      "         -5.74587286e-02],\n",
      "        [ 3.17271203e-01,  3.57848078e-01,  8.78227651e-01,\n",
      "          5.69821358e-01],\n",
      "        [ 0.00000000e+00,  0.00000000e+00,  0.00000000e+00,\n",
      "          1.00000000e+00]],\n",
      "\n",
      "       [[ 1.92527771e-01,  8.98647666e-01, -3.94164175e-01,\n",
      "          4.76297826e-01],\n",
      "        [-9.24096048e-01,  3.01167130e-01,  2.35254735e-01,\n",
      "         -4.62402254e-02],\n",
      "        [ 3.30120414e-01,  3.18952471e-01,  8.88419807e-01,\n",
      "          5.79793036e-01],\n",
      "        [ 0.00000000e+00,  0.00000000e+00,  0.00000000e+00,\n",
      "          1.00000000e+00]],\n",
      "\n",
      "       [[ 1.47786319e-01,  9.11295891e-01, -3.84316415e-01,\n",
      "          4.85155165e-01],\n",
      "        [-8.88513625e-01,  2.93008715e-01,  3.53113919e-01,\n",
      "         -5.44375256e-02],\n",
      "        [ 4.34399277e-01,  2.89284974e-01,  8.53001475e-01,\n",
      "          5.86662412e-01],\n",
      "        [ 0.00000000e+00,  0.00000000e+00,  0.00000000e+00,\n",
      "          1.00000000e+00]],\n",
      "\n",
      "       [[-5.62532842e-01,  8.26769292e-01,  3.07833659e-03,\n",
      "          3.78298849e-01],\n",
      "        [-7.28010893e-01, -4.97095555e-01,  4.72118914e-01,\n",
      "         -7.42627308e-02],\n",
      "        [ 3.91863704e-01,  2.63341308e-01,  8.81529450e-01,\n",
      "          5.43628156e-01],\n",
      "        [ 0.00000000e+00,  0.00000000e+00,  0.00000000e+00,\n",
      "          1.00000000e+00]]], dtype=float32)}\n"
     ]
    }
   ],
   "source": [
    "print(pred_grasps_cam)"
   ]
  },
  {
   "cell_type": "code",
   "execution_count": 3,
   "metadata": {
    "vscode": {
     "languageId": "ruby"
    }
   },
   "outputs": [
    {
     "name": "stdout",
     "output_type": "stream",
     "text": [
      "Keys in the .npz file: ['pred_grasps_cam', 'scores', 'contact_pts']\n"
     ]
    },
    {
     "data": {
      "text/plain": [
       "array([[[-0.78428674,  0.6192562 , -0.03763175,  0.3865566 ],\n",
       "        [-0.55569196, -0.67422175,  0.48644793, -0.08394141],\n",
       "        [ 0.27586377,  0.40242633,  0.8728988 ,  0.5392902 ],\n",
       "        [ 0.        ,  0.        ,  0.        ,  1.        ]],\n",
       "\n",
       "       [[-0.05405334, -0.9970506 , -0.05448004,  0.43866825],\n",
       "        [ 0.99798566, -0.0521286 , -0.03615286, -0.02771102],\n",
       "        [ 0.03320628, -0.05632448,  0.99786013,  0.56888723],\n",
       "        [ 0.        ,  0.        ,  0.        ,  1.        ]],\n",
       "\n",
       "       [[-0.67334735,  0.7371005 , -0.05732637,  0.39286807],\n",
       "        [-0.7088841 , -0.62165713,  0.33320534, -0.06023963],\n",
       "        [ 0.20996848,  0.2650007 ,  0.9411099 ,  0.54710627],\n",
       "        [ 0.        ,  0.        ,  0.        ,  1.        ]],\n",
       "\n",
       "       [[ 0.03596144,  0.9560722 , -0.29091683,  0.44838163],\n",
       "        [-0.9559304 ,  0.11778694,  0.26892978, -0.05073276],\n",
       "        [ 0.2913825 ,  0.26842514,  0.9181743 ,  0.5646395 ],\n",
       "        [ 0.        ,  0.        ,  0.        ,  1.        ]],\n",
       "\n",
       "       [[ 0.41972795,  0.86132956, -0.28625163,  0.46749306],\n",
       "        [-0.8855095 ,  0.457825  ,  0.0791789 , -0.03017497],\n",
       "        [ 0.19925228,  0.22024494,  0.9548774 ,  0.5776614 ],\n",
       "        [ 0.        ,  0.        ,  0.        ,  1.        ]],\n",
       "\n",
       "       [[-0.8164647 ,  0.5767652 ,  0.02696705,  0.3872262 ],\n",
       "        [-0.5104169 , -0.74280035,  0.4332691 , -0.07876666],\n",
       "        [ 0.26992568,  0.3399845 ,  0.900861  ,  0.54438704],\n",
       "        [ 0.        ,  0.        ,  0.        ,  1.        ]],\n",
       "\n",
       "       [[-0.0799658 ,  0.9834486 , -0.16258615,  0.4182857 ],\n",
       "        [-0.9513612 , -0.02661496,  0.30692592, -0.05811747],\n",
       "        [ 0.2975187 ,  0.17922173,  0.9377431 ,  0.55062824],\n",
       "        [ 0.        ,  0.        ,  0.        ,  1.        ]],\n",
       "\n",
       "       [[ 0.98584884, -0.14621428, -0.08199676,  0.40893027],\n",
       "        [ 0.1651991 ,  0.9304737 ,  0.32699868, -0.06935193],\n",
       "        [ 0.02848394, -0.33591706,  0.94146085,  0.54670954],\n",
       "        [ 0.        ,  0.        ,  0.        ,  1.        ]],\n",
       "\n",
       "       [[-0.6690095 ,  0.74044687, -0.06453402,  0.3815282 ],\n",
       "        [-0.69022804, -0.58672696,  0.4234816 , -0.07257873],\n",
       "        [ 0.2757017 ,  0.3278564 ,  0.9036032 ,  0.533115  ],\n",
       "        [ 0.        ,  0.        ,  0.        ,  1.        ]],\n",
       "\n",
       "       [[ 0.02772557,  0.99427843, -0.1031584 ,  0.42134506],\n",
       "        [-0.9215414 ,  0.06540647,  0.3827316 , -0.06326353],\n",
       "        [ 0.38728905,  0.08445328,  0.9180821 ,  0.5508395 ],\n",
       "        [ 0.        ,  0.        ,  0.        ,  1.        ]],\n",
       "\n",
       "       [[ 0.23417157,  0.9148955 , -0.3288311 ,  0.4677031 ],\n",
       "        [-0.9291582 ,  0.31013638,  0.20119737, -0.04257912],\n",
       "        [ 0.28605703,  0.25842142,  0.9227078 ,  0.57116014],\n",
       "        [ 0.        ,  0.        ,  0.        ,  1.        ]],\n",
       "\n",
       "       [[ 0.21929848,  0.93896025, -0.2650695 ,  0.4545718 ],\n",
       "        [-0.92050403,  0.28917068,  0.2627787 , -0.04999448],\n",
       "        [ 0.32338908,  0.18637058,  0.9277314 ,  0.5627149 ],\n",
       "        [ 0.        ,  0.        ,  0.        ,  1.        ]],\n",
       "\n",
       "       [[-0.66622317,  0.7432275 , -0.06131624,  0.3847513 ],\n",
       "        [-0.6857345 , -0.5782153 ,  0.44208062, -0.0710728 ],\n",
       "        [ 0.2931125 ,  0.336571  ,  0.89487714,  0.54205185],\n",
       "        [ 0.        ,  0.        ,  0.        ,  1.        ]],\n",
       "\n",
       "       [[ 0.03695704,  0.9782793 , -0.20397003,  0.43228623],\n",
       "        [-0.9476901 ,  0.09906605,  0.3034292 , -0.05548838],\n",
       "        [ 0.3170449 ,  0.18208654,  0.9307669 ,  0.5603884 ],\n",
       "        [ 0.        ,  0.        ,  0.        ,  1.        ]],\n",
       "\n",
       "       [[ 0.04166466,  0.9943337 , -0.09779773,  0.42657936],\n",
       "        [-0.9563042 ,  0.06803806,  0.28434658, -0.05332901],\n",
       "        [ 0.28938934,  0.08167718,  0.9537204 ,  0.55196005],\n",
       "        [ 0.        ,  0.        ,  0.        ,  1.        ]],\n",
       "\n",
       "       [[-0.61372966,  0.78218085, -0.10737406,  0.40459377],\n",
       "        [-0.7548599 , -0.5414861 ,  0.37010726, -0.06788902],\n",
       "        [ 0.23134924,  0.30819818,  0.922763  ,  0.54704577],\n",
       "        [ 0.        ,  0.        ,  0.        ,  1.        ]],\n",
       "\n",
       "       [[-0.7771731 ,  0.6210907 , -0.10123295,  0.39363962],\n",
       "        [-0.6014669 , -0.68583775,  0.40971208, -0.07898159],\n",
       "        [ 0.18503898,  0.37930545,  0.90658027,  0.5426271 ],\n",
       "        [ 0.        ,  0.        ,  0.        ,  1.        ]],\n",
       "\n",
       "       [[-0.64281726,  0.7625516 , -0.07280844,  0.39428037],\n",
       "        [-0.74490607, -0.6001078 ,  0.2915228 , -0.05107404],\n",
       "        [ 0.17860827,  0.24163133,  0.95378894,  0.55173296],\n",
       "        [ 0.        ,  0.        ,  0.        ,  1.        ]],\n",
       "\n",
       "       [[-0.6899338 ,  0.7238623 , -0.00383966,  0.38621733],\n",
       "        [-0.66170144, -0.6285181 ,  0.40879852, -0.07026468],\n",
       "        [ 0.29350048,  0.2845846 ,  0.9126166 ,  0.54421836],\n",
       "        [ 0.        ,  0.        ,  0.        ,  1.        ]],\n",
       "\n",
       "       [[ 0.10828398,  0.9809962 , -0.16099976,  0.43840277],\n",
       "        [-0.95614946,  0.14710525,  0.25325522, -0.05024941],\n",
       "        [ 0.27212632,  0.12651634,  0.9539082 ,  0.55590636],\n",
       "        [ 0.        ,  0.        ,  0.        ,  1.        ]],\n",
       "\n",
       "       [[ 0.0812555 ,  0.97509295, -0.20637675,  0.42618236],\n",
       "        [-0.93742645,  0.14510477,  0.31650645, -0.0580489 ],\n",
       "        [ 0.3385695 ,  0.16774513,  0.9258684 ,  0.55893767],\n",
       "        [ 0.        ,  0.        ,  0.        ,  1.        ]]],\n",
       "      dtype=float32)"
      ]
     },
     "execution_count": 3,
     "metadata": {},
     "output_type": "execute_result"
    }
   ],
   "source": [
    "# Load the .npz file\n",
    "import numpy as np\n",
    "data = np.load('/home/jacinto/robot-grasp/data/contact_graspnet_pipeline_results/contact_graspnet_results.npz', allow_pickle=True)\n",
    "\n",
    "# Check the keys inside the npz file (optional, to understand its structure)\n",
    "print(\"Keys in the .npz file:\", data.files)\n",
    "\n",
    "# Access the 'scores' array\n",
    "scores = data['scores'].item()\n",
    "pred_grasps_cam = data['pred_grasps_cam'].item()\n",
    "\n",
    "pred_grasps_cam[1][np.argmax(scores[1])]\n",
    "pred_grasps_cam[1]"
   ]
  }
 ],
 "metadata": {
  "kernelspec": {
   "display_name": "venv",
   "language": "python",
   "name": "python3"
  },
  "language_info": {
   "codemirror_mode": {
    "name": "ipython",
    "version": 3
   },
   "file_extension": ".py",
   "mimetype": "text/x-python",
   "name": "python",
   "nbconvert_exporter": "python",
   "pygments_lexer": "ipython3",
   "version": "3.10.12"
  }
 },
 "nbformat": 4,
 "nbformat_minor": 2
}
