{
 "cells": [
  {
   "cell_type": "code",
   "execution_count": 48,
   "metadata": {
    "vscode": {
     "languageId": "ruby"
    }
   },
   "outputs": [
    {
     "name": "stdout",
     "output_type": "stream",
     "text": [
      "Keys in the .npz file: ['pred_grasps_cam', 'scores', 'contact_pts']\n"
     ]
    },
    {
     "data": {
      "text/plain": [
       "array([[-0.56253284,  0.8267693 ,  0.00307834,  0.37829885],\n",
       "       [-0.7280109 , -0.49709556,  0.4721189 , -0.07426273],\n",
       "       [ 0.3918637 ,  0.2633413 ,  0.88152945,  0.54362816],\n",
       "       [ 0.        ,  0.        ,  0.        ,  1.        ]],\n",
       "      dtype=float32)"
      ]
     },
     "execution_count": 48,
     "metadata": {},
     "output_type": "execute_result"
    }
   ],
   "source": [
    "import numpy as np\n",
    "\n",
    "# Load the .npz file\n",
    "data = np.load('/home/jacinto/robot-grasp/third_party/contact_graspnet/results/predictions_contact_graspnet_input.npz', allow_pickle=True)\n",
    "\n",
    "# Check the keys inside the npz file (optional, to understand its structure)\n",
    "print(\"Keys in the .npz file:\", data.files)\n",
    "\n",
    "# Access the 'scores' array\n",
    "scores = data['scores'].item()\n",
    "pred_grasps_cam = data['pred_grasps_cam'].item()\n",
    "\n",
    "pred_grasps_cam[1][np.argmax(scores[1])]"
   ]
  },
  {
   "cell_type": "code",
   "execution_count": 49,
   "metadata": {},
   "outputs": [
    {
     "name": "stdout",
     "output_type": "stream",
     "text": [
      "{1: array([[[-5.91478229e-01,  8.06186676e-01,  1.47076929e-02,\n",
      "          3.82067531e-01],\n",
      "        [-6.76881313e-01, -5.06357074e-01,  5.34260333e-01,\n",
      "         -8.43571648e-02],\n",
      "        [ 4.38160837e-01,  3.06047976e-01,  8.45192075e-01,\n",
      "          5.47477365e-01],\n",
      "        [ 0.00000000e+00,  0.00000000e+00,  0.00000000e+00,\n",
      "          1.00000000e+00]],\n",
      "\n",
      "       [[ 3.85536365e-02,  8.83494735e-01, -4.66851860e-01,\n",
      "          4.57967937e-01],\n",
      "        [-9.55756545e-01,  1.68949977e-01,  2.40801275e-01,\n",
      "         -5.31640053e-02],\n",
      "        [ 2.91621268e-01,  4.36912954e-01,  8.50919545e-01,\n",
      "          5.79752445e-01],\n",
      "        [ 0.00000000e+00,  0.00000000e+00,  0.00000000e+00,\n",
      "          1.00000000e+00]],\n",
      "\n",
      "       [[-5.90772890e-02,  9.90797698e-01, -1.21777914e-01,\n",
      "          4.14767802e-01],\n",
      "        [-9.50913072e-01, -1.87336914e-02,  3.08890641e-01,\n",
      "         -5.82818836e-02],\n",
      "        [ 3.03766847e-01,  1.34048626e-01,  9.43269134e-01,\n",
      "          5.49069285e-01],\n",
      "        [ 0.00000000e+00,  0.00000000e+00,  0.00000000e+00,\n",
      "          1.00000000e+00]],\n",
      "\n",
      "       [[ 1.23058043e-01,  9.80425894e-01, -1.53693751e-01,\n",
      "          4.50692952e-01],\n",
      "        [-9.41246450e-01,  1.64387137e-01,  2.95011729e-01,\n",
      "         -5.07597104e-02],\n",
      "        [ 3.14502388e-01,  1.08360134e-01,  9.43051636e-01,\n",
      "          5.61113119e-01],\n",
      "        [ 0.00000000e+00,  0.00000000e+00,  0.00000000e+00,\n",
      "          1.00000000e+00]],\n",
      "\n",
      "       [[-1.10747414e-02,  9.54268217e-01, -2.98746675e-01,\n",
      "          4.51072693e-01],\n",
      "        [-9.19754565e-01,  1.07502565e-01,  3.77484769e-01,\n",
      "         -6.18536025e-02],\n",
      "        [ 3.92337739e-01,  2.78954178e-01,  8.76501977e-01,\n",
      "          5.68148911e-01],\n",
      "        [ 0.00000000e+00,  0.00000000e+00,  0.00000000e+00,\n",
      "          1.00000000e+00]],\n",
      "\n",
      "       [[ 9.08810139e-01,  4.00966436e-01, -1.15282059e-01,\n",
      "          4.24262196e-01],\n",
      "        [-3.36445928e-01,  8.67746532e-01,  3.65814060e-01,\n",
      "         -7.09794685e-02],\n",
      "        [ 2.46714815e-01, -2.93669343e-01,  9.23520446e-01,\n",
      "          5.57998002e-01],\n",
      "        [ 0.00000000e+00,  0.00000000e+00,  0.00000000e+00,\n",
      "          1.00000000e+00]],\n",
      "\n",
      "       [[ 3.48248929e-02,  8.99998367e-01, -4.34499830e-01,\n",
      "          4.67937291e-01],\n",
      "        [-9.35454965e-01,  1.82365403e-01,  3.02765250e-01,\n",
      "         -5.47650233e-02],\n",
      "        [ 3.51725996e-01,  3.95911247e-01,  8.48258853e-01,\n",
      "          5.89988589e-01],\n",
      "        [ 0.00000000e+00,  0.00000000e+00,  0.00000000e+00,\n",
      "          1.00000000e+00]],\n",
      "\n",
      "       [[-5.21393418e-01,  8.46022308e-01, -1.11333214e-01,\n",
      "          4.02640462e-01],\n",
      "        [-7.82528162e-01, -4.22022909e-01,  4.57762331e-01,\n",
      "         -7.57347941e-02],\n",
      "        [ 3.40292037e-01,  3.25795650e-01,  8.82076204e-01,\n",
      "          5.51469147e-01],\n",
      "        [ 0.00000000e+00,  0.00000000e+00,  0.00000000e+00,\n",
      "          1.00000000e+00]],\n",
      "\n",
      "       [[-5.02488375e-01,  8.51755857e-01, -1.48383141e-01,\n",
      "          4.03662413e-01],\n",
      "        [-8.27527046e-01, -4.24107939e-01,  3.67874295e-01,\n",
      "         -6.04214445e-02],\n",
      "        [ 2.50408620e-01,  3.07643622e-01,  9.17960227e-01,\n",
      "          5.55580258e-01],\n",
      "        [ 0.00000000e+00,  0.00000000e+00,  0.00000000e+00,\n",
      "          1.00000000e+00]],\n",
      "\n",
      "       [[ 9.99280870e-01, -1.39257833e-02, -3.52663770e-02,\n",
      "          4.04743820e-01],\n",
      "        [ 2.76685711e-02,  9.03771877e-01,  4.27119166e-01,\n",
      "         -7.87545815e-02],\n",
      "        [ 2.59247907e-02, -4.27787781e-01,  9.03507352e-01,\n",
      "          5.51628828e-01],\n",
      "        [ 0.00000000e+00,  0.00000000e+00,  0.00000000e+00,\n",
      "          1.00000000e+00]],\n",
      "\n",
      "       [[-4.89844233e-02,  9.73512650e-01, -2.23323911e-01,\n",
      "          4.25624043e-01],\n",
      "        [-9.59809124e-01,  1.59825180e-02,  2.80197948e-01,\n",
      "         -5.44466823e-02],\n",
      "        [ 2.76345462e-01,  2.28073657e-01,  9.33603525e-01,\n",
      "          5.61014235e-01],\n",
      "        [ 0.00000000e+00,  0.00000000e+00,  0.00000000e+00,\n",
      "          1.00000000e+00]],\n",
      "\n",
      "       [[ 4.66372520e-02,  9.37660217e-01, -3.44410062e-01,\n",
      "          4.63690519e-01],\n",
      "        [-9.47515309e-01,  1.50696144e-01,  2.81966984e-01,\n",
      "         -5.22236377e-02],\n",
      "        [ 3.16290468e-01,  3.13183635e-01,  8.95475507e-01,\n",
      "          5.72036028e-01],\n",
      "        [ 0.00000000e+00,  0.00000000e+00,  0.00000000e+00,\n",
      "          1.00000000e+00]],\n",
      "\n",
      "       [[-8.14224303e-01,  5.80472648e-01,  9.50529333e-03,\n",
      "          3.87806535e-01],\n",
      "        [-4.80231225e-01, -6.82635963e-01,  5.50805032e-01,\n",
      "         -9.20152888e-02],\n",
      "        [ 3.26215923e-01,  4.43914115e-01,  8.34579825e-01,\n",
      "          5.49352348e-01],\n",
      "        [ 0.00000000e+00,  0.00000000e+00,  0.00000000e+00,\n",
      "          1.00000000e+00]],\n",
      "\n",
      "       [[-7.52040207e-01,  6.58003747e-01, -3.82969268e-02,\n",
      "          3.86078566e-01],\n",
      "        [-5.81723154e-01, -6.35295570e-01,  5.07934809e-01,\n",
      "         -8.74080881e-02],\n",
      "        [ 3.09893101e-01,  4.04265612e-01,  8.60543787e-01,\n",
      "          5.39635241e-01],\n",
      "        [ 0.00000000e+00,  0.00000000e+00,  0.00000000e+00,\n",
      "          1.00000000e+00]],\n",
      "\n",
      "       [[-5.37653804e-01,  8.42720628e-01, -2.73916218e-02,\n",
      "          3.85092556e-01],\n",
      "        [-7.58103073e-01, -4.68937725e-01,  4.53185499e-01,\n",
      "         -7.13231638e-02],\n",
      "        [ 3.69063795e-01,  2.64422566e-01,  8.90995264e-01,\n",
      "          5.48604071e-01],\n",
      "        [ 0.00000000e+00,  0.00000000e+00,  0.00000000e+00,\n",
      "          1.00000000e+00]],\n",
      "\n",
      "       [[-4.24116820e-01,  8.82931352e-01, -2.01388285e-01,\n",
      "          4.16352123e-01],\n",
      "        [-8.73313427e-01, -3.39895338e-01,  3.48991126e-01,\n",
      "         -6.24634251e-02],\n",
      "        [ 2.39684224e-01,  3.23888093e-01,  9.15231168e-01,\n",
      "          5.56841135e-01],\n",
      "        [ 0.00000000e+00,  0.00000000e+00,  0.00000000e+00,\n",
      "          1.00000000e+00]],\n",
      "\n",
      "       [[ 9.98921812e-01,  3.05297747e-02, -3.49744149e-02,\n",
      "          4.09716457e-01],\n",
      "        [-1.22896256e-02,  9.00374472e-01,  4.34942335e-01,\n",
      "         -8.12556893e-02],\n",
      "        [ 4.47687618e-02, -4.34043586e-01,  8.99778843e-01,\n",
      "          5.58051765e-01],\n",
      "        [ 0.00000000e+00,  0.00000000e+00,  0.00000000e+00,\n",
      "          1.00000000e+00]],\n",
      "\n",
      "       [[ 8.30417931e-01,  4.99737173e-01, -2.46310323e-01,\n",
      "          4.49816346e-01],\n",
      "        [-4.70341206e-01,  8.65785539e-01,  1.70863748e-01,\n",
      "         -5.48711047e-02],\n",
      "        [ 2.98638910e-01, -2.60384250e-02,  9.54010844e-01,\n",
      "          5.68134665e-01],\n",
      "        [ 0.00000000e+00,  0.00000000e+00,  0.00000000e+00,\n",
      "          1.00000000e+00]],\n",
      "\n",
      "       [[ 1.64022786e-04,  9.85512435e-01, -1.69603407e-01,\n",
      "          4.33921635e-01],\n",
      "        [-9.24626350e-01,  6.47472590e-02,  3.75331819e-01,\n",
      "         -6.26739711e-02],\n",
      "        [ 3.80875558e-01,  1.56758219e-01,  9.11241293e-01,\n",
      "          5.56534111e-01],\n",
      "        [ 0.00000000e+00,  0.00000000e+00,  0.00000000e+00,\n",
      "          1.00000000e+00]],\n",
      "\n",
      "       [[-7.63300136e-02,  9.93020177e-01, -8.99145976e-02,\n",
      "          4.19768989e-01],\n",
      "        [-9.12982404e-01, -3.33585702e-02,  4.06632900e-01,\n",
      "         -6.57179281e-02],\n",
      "        [ 4.00795221e-01,  1.13128744e-01,  9.09156263e-01,\n",
      "          5.51789284e-01],\n",
      "        [ 0.00000000e+00,  0.00000000e+00,  0.00000000e+00,\n",
      "          1.00000000e+00]],\n",
      "\n",
      "       [[-7.09188953e-02,  9.32433248e-01, -3.54314625e-01,\n",
      "          4.48815733e-01],\n",
      "        [-9.45679426e-01,  5.01308888e-02,  3.21212381e-01,\n",
      "         -5.74587286e-02],\n",
      "        [ 3.17271203e-01,  3.57848078e-01,  8.78227651e-01,\n",
      "          5.69821358e-01],\n",
      "        [ 0.00000000e+00,  0.00000000e+00,  0.00000000e+00,\n",
      "          1.00000000e+00]],\n",
      "\n",
      "       [[ 1.92527771e-01,  8.98647666e-01, -3.94164175e-01,\n",
      "          4.76297826e-01],\n",
      "        [-9.24096048e-01,  3.01167130e-01,  2.35254735e-01,\n",
      "         -4.62402254e-02],\n",
      "        [ 3.30120414e-01,  3.18952471e-01,  8.88419807e-01,\n",
      "          5.79793036e-01],\n",
      "        [ 0.00000000e+00,  0.00000000e+00,  0.00000000e+00,\n",
      "          1.00000000e+00]],\n",
      "\n",
      "       [[ 1.47786319e-01,  9.11295891e-01, -3.84316415e-01,\n",
      "          4.85155165e-01],\n",
      "        [-8.88513625e-01,  2.93008715e-01,  3.53113919e-01,\n",
      "         -5.44375256e-02],\n",
      "        [ 4.34399277e-01,  2.89284974e-01,  8.53001475e-01,\n",
      "          5.86662412e-01],\n",
      "        [ 0.00000000e+00,  0.00000000e+00,  0.00000000e+00,\n",
      "          1.00000000e+00]],\n",
      "\n",
      "       [[-5.62532842e-01,  8.26769292e-01,  3.07833659e-03,\n",
      "          3.78298849e-01],\n",
      "        [-7.28010893e-01, -4.97095555e-01,  4.72118914e-01,\n",
      "         -7.42627308e-02],\n",
      "        [ 3.91863704e-01,  2.63341308e-01,  8.81529450e-01,\n",
      "          5.43628156e-01],\n",
      "        [ 0.00000000e+00,  0.00000000e+00,  0.00000000e+00,\n",
      "          1.00000000e+00]]], dtype=float32)}\n"
     ]
    }
   ],
   "source": [
    "print(pred_grasps_cam)"
   ]
  },
  {
   "cell_type": "code",
   "execution_count": 6,
   "metadata": {
    "vscode": {
     "languageId": "ruby"
    }
   },
   "outputs": [
    {
     "name": "stdout",
     "output_type": "stream",
     "text": [
      "Keys in the .npz file: ['pred_grasps_cam', 'scores', 'contact_pts']\n"
     ]
    },
    {
     "data": {
      "text/plain": [
       "array([[[ 0.20206617,  0.8690541 , -0.45156866,  0.49399102],\n",
       "        [-0.96331596,  0.25951266,  0.06837715, -0.02817986],\n",
       "        [ 0.17661123,  0.4211866 ,  0.88961244,  0.59536487],\n",
       "        [ 0.        ,  0.        ,  0.        ,  1.        ]],\n",
       "\n",
       "       [[-0.4843165 ,  0.8628751 , -0.14451295,  0.40807614],\n",
       "        [-0.81829244, -0.38831517,  0.42380276, -0.07479405],\n",
       "        [ 0.30957228,  0.32350853,  0.8941516 ,  0.5491596 ],\n",
       "        [ 0.        ,  0.        ,  0.        ,  1.        ]],\n",
       "\n",
       "       [[ 0.0264905 ,  0.9602908 , -0.27774087,  0.4489753 ],\n",
       "        [-0.95164263,  0.10929137,  0.2871093 , -0.0525721 ],\n",
       "        [ 0.3060631 ,  0.2567044 ,  0.91674876,  0.563816  ],\n",
       "        [ 0.        ,  0.        ,  0.        ,  1.        ]],\n",
       "\n",
       "       [[-0.6392825 ,  0.7660862 , -0.06655542,  0.3818317 ],\n",
       "        [-0.7408685 , -0.59042245,  0.32017976, -0.06438436],\n",
       "        [ 0.20598947,  0.25399414,  0.94501597,  0.5266945 ],\n",
       "        [ 0.        ,  0.        ,  0.        ,  1.        ]],\n",
       "\n",
       "       [[ 0.9871588 ,  0.15724085, -0.0281568 ,  0.4088736 ],\n",
       "        [-0.1350463 ,  0.9156282 ,  0.37866536, -0.06291841],\n",
       "        [ 0.08532282, -0.37000036,  0.9251053 ,  0.55951357],\n",
       "        [ 0.        ,  0.        ,  0.        ,  1.        ]],\n",
       "\n",
       "       [[-0.9712703 ,  0.22781056, -0.06882116,  0.40557867],\n",
       "        [-0.23334903, -0.8549136 ,  0.46332607, -0.08941007],\n",
       "        [ 0.04671442,  0.4660742 ,  0.88351154,  0.5537377 ],\n",
       "        [ 0.        ,  0.        ,  0.        ,  1.        ]],\n",
       "\n",
       "       [[ 0.20917468,  0.86432487, -0.45737126,  0.48536187],\n",
       "        [-0.9560875 ,  0.27895322,  0.08989836, -0.03151331],\n",
       "        [ 0.2052865 ,  0.4184825 ,  0.8847202 ,  0.58792764],\n",
       "        [ 0.        ,  0.        ,  0.        ,  1.        ]],\n",
       "\n",
       "       [[ 0.99728584,  0.00333355, -0.07355151,  0.4131602 ],\n",
       "        [ 0.03287116,  0.8737294 ,  0.48530027, -0.08097196],\n",
       "        [ 0.06588189, -0.4864008 ,  0.8712484 ,  0.55604374],\n",
       "        [ 0.        ,  0.        ,  0.        ,  1.        ]],\n",
       "\n",
       "       [[ 0.14492652,  0.9369366 , -0.31803507,  0.46115857],\n",
       "        [-0.96469855,  0.205238  ,  0.16502756, -0.04016623],\n",
       "        [ 0.21989323,  0.2828911 ,  0.9336058 ,  0.5679019 ],\n",
       "        [ 0.        ,  0.        ,  0.        ,  1.        ]],\n",
       "\n",
       "       [[ 0.21483403,  0.9100064 , -0.35459083,  0.4494329 ],\n",
       "        [-0.9299471 ,  0.30153304,  0.21041927, -0.04983484],\n",
       "        [ 0.29840374,  0.28454548,  0.9110373 ,  0.5725767 ],\n",
       "        [ 0.        ,  0.        ,  0.        ,  1.        ]],\n",
       "\n",
       "       [[-0.92501885,  0.35925466, -0.12359709,  0.40260842],\n",
       "        [-0.3471437 , -0.66704714,  0.659196  , -0.1067351 ],\n",
       "        [ 0.15437414,  0.6526747 ,  0.74174416,  0.55861026],\n",
       "        [ 0.        ,  0.        ,  0.        ,  1.        ]],\n",
       "\n",
       "       [[ 0.20016547,  0.9194538 , -0.33843535,  0.47588643],\n",
       "        [-0.9361446 ,  0.28140014,  0.21082498, -0.0410258 ],\n",
       "        [ 0.28907952,  0.27462456,  0.91706836,  0.5747493 ],\n",
       "        [ 0.        ,  0.        ,  0.        ,  1.        ]],\n",
       "\n",
       "       [[-0.5470001 ,  0.82660663, -0.13233367,  0.39891973],\n",
       "        [-0.8054836 , -0.47664666,  0.35214216, -0.05987008],\n",
       "        [ 0.22800665,  0.2992144 ,  0.9265439 ,  0.5496482 ],\n",
       "        [ 0.        ,  0.        ,  0.        ,  1.        ]],\n",
       "\n",
       "       [[ 0.35041228,  0.93630844, -0.02318927,  0.39946464],\n",
       "        [-0.93537426,  0.35111204,  0.04237124, -0.03088219],\n",
       "        [ 0.04781458,  0.00684324,  0.99883276,  0.5478157 ],\n",
       "        [ 0.        ,  0.        ,  0.        ,  1.        ]],\n",
       "\n",
       "       [[ 0.9991522 ,  0.01923079, -0.03640229,  0.41048533],\n",
       "        [-0.00319329,  0.91773593,  0.3971785 , -0.07997361],\n",
       "        [ 0.04104574, -0.39672554,  0.91701925,  0.5572617 ],\n",
       "        [ 0.        ,  0.        ,  0.        ,  1.        ]],\n",
       "\n",
       "       [[-0.5721946 ,  0.8193337 , -0.03585682,  0.38361403],\n",
       "        [-0.71176237, -0.47440034,  0.51801413, -0.08140609],\n",
       "        [ 0.40741602,  0.32192641,  0.8546201 ,  0.54444146],\n",
       "        [ 0.        ,  0.        ,  0.        ,  1.        ]],\n",
       "\n",
       "       [[ 0.04478842,  0.9791839 , -0.19797185,  0.43694356],\n",
       "        [-0.94166446,  0.10754889,  0.3189064 , -0.05687343],\n",
       "        [ 0.33355963,  0.17213975,  0.92687964,  0.5548231 ],\n",
       "        [ 0.        ,  0.        ,  0.        ,  1.        ]],\n",
       "\n",
       "       [[-0.7243113 ,  0.6879149 , -0.04632707,  0.38696396],\n",
       "        [-0.6376604 , -0.64281183,  0.42447877, -0.07888983],\n",
       "        [ 0.2622256 ,  0.3369957 ,  0.90425205,  0.5350211 ],\n",
       "        [ 0.        ,  0.        ,  0.        ,  1.        ]],\n",
       "\n",
       "       [[-0.53660357,  0.8412881 , -0.0655056 ,  0.3928981 ],\n",
       "        [-0.745102  , -0.43595126,  0.50474703, -0.0803514 ],\n",
       "        [ 0.39608043,  0.31965742,  0.8607784 ,  0.54978216],\n",
       "        [ 0.        ,  0.        ,  0.        ,  1.        ]],\n",
       "\n",
       "       [[-0.6779455 , -0.7269141 , -0.10947903,  0.42522377],\n",
       "        [ 0.72779936, -0.68467045,  0.03917047, -0.03697458],\n",
       "        [-0.10343064, -0.05312333,  0.99321693,  0.5656851 ],\n",
       "        [ 0.        ,  0.        ,  0.        ,  1.        ]],\n",
       "\n",
       "       [[ 0.19840747,  0.85433966, -0.4803522 ,  0.47379142],\n",
       "        [-0.9335954 ,  0.31393993,  0.17274623, -0.04502577],\n",
       "        [ 0.29838562,  0.41418046,  0.8598957 ,  0.5898647 ],\n",
       "        [ 0.        ,  0.        ,  0.        ,  1.        ]],\n",
       "\n",
       "       [[-0.5447469 ,  0.8374731 , -0.04347002,  0.37890527],\n",
       "        [-0.7259739 , -0.44500402,  0.5243408 , -0.07946916],\n",
       "        [ 0.419777  ,  0.31719112,  0.8503981 ,  0.54190254],\n",
       "        [ 0.        ,  0.        ,  0.        ,  1.        ]],\n",
       "\n",
       "       [[ 0.12909883,  0.9864919 , -0.10083245,  0.41679114],\n",
       "        [-0.9327049 ,  0.15532787,  0.32547626, -0.05875178],\n",
       "        [ 0.33674175,  0.05202832,  0.94015855,  0.5514564 ],\n",
       "        [ 0.        ,  0.        ,  0.        ,  1.        ]],\n",
       "\n",
       "       [[-0.7727463 ,  0.6270255 , -0.09849964,  0.39657182],\n",
       "        [-0.57552236, -0.62675196,  0.5253151 , -0.08820659],\n",
       "        [ 0.26765114,  0.46262407,  0.8451875 ,  0.5461392 ],\n",
       "        [ 0.        ,  0.        ,  0.        ,  1.        ]],\n",
       "\n",
       "       [[ 0.95616734,  0.28853598,  0.04990974,  0.39285415],\n",
       "        [-0.28783926,  0.89484197,  0.34118372, -0.05811557],\n",
       "        [ 0.05378246, -0.3405947 ,  0.9386707 ,  0.5600483 ],\n",
       "        [ 0.        ,  0.        ,  0.        ,  1.        ]],\n",
       "\n",
       "       [[-0.91426265,  0.4044338 , -0.02360497,  0.39726242],\n",
       "        [-0.3401813 , -0.73476124,  0.58685833, -0.09959952],\n",
       "        [ 0.22000131,  0.54457265,  0.8093455 ,  0.55775064],\n",
       "        [ 0.        ,  0.        ,  0.        ,  1.        ]],\n",
       "\n",
       "       [[ 0.14165238,  0.9392763 , -0.31256157,  0.45932826],\n",
       "        [-0.9503387 ,  0.21742032,  0.22267616, -0.04590713],\n",
       "        [ 0.27711165,  0.26549676,  0.9234287 ,  0.56306785],\n",
       "        [ 0.        ,  0.        ,  0.        ,  1.        ]]],\n",
       "      dtype=float32)"
      ]
     },
     "execution_count": 6,
     "metadata": {},
     "output_type": "execute_result"
    }
   ],
   "source": [
    "# Load the .npz file\n",
    "import numpy as np\n",
    "data = np.load('/home/jacinto/robot-grasp/data/contact_graspnet_pipeline_results/contact_graspnet_results.npz', allow_pickle=True)\n",
    "\n",
    "# Check the keys inside the npz file (optional, to understand its structure)\n",
    "print(\"Keys in the .npz file:\", data.files)\n",
    "\n",
    "# Access the 'scores' array\n",
    "scores = data['scores'].item()\n",
    "pred_grasps_cam = data['pred_grasps_cam'].item()\n",
    "\n",
    "pred_grasps_cam[1][np.argmax(scores[1])]\n",
    "pred_grasps_cam[1]"
   ]
  }
 ],
 "metadata": {
  "kernelspec": {
   "display_name": "venv",
   "language": "python",
   "name": "python3"
  },
  "language_info": {
   "codemirror_mode": {
    "name": "ipython",
    "version": 3
   },
   "file_extension": ".py",
   "mimetype": "text/x-python",
   "name": "python",
   "nbconvert_exporter": "python",
   "pygments_lexer": "ipython3",
   "version": "3.10.12"
  }
 },
 "nbformat": 4,
 "nbformat_minor": 2
}
