{
 "cells": [
  {
   "cell_type": "code",
   "execution_count": 48,
   "metadata": {
    "vscode": {
     "languageId": "ruby"
    }
   },
   "outputs": [
    {
     "name": "stdout",
     "output_type": "stream",
     "text": [
      "Keys in the .npz file: ['pred_grasps_cam', 'scores', 'contact_pts']\n"
     ]
    },
    {
     "data": {
      "text/plain": [
       "array([[-0.56253284,  0.8267693 ,  0.00307834,  0.37829885],\n",
       "       [-0.7280109 , -0.49709556,  0.4721189 , -0.07426273],\n",
       "       [ 0.3918637 ,  0.2633413 ,  0.88152945,  0.54362816],\n",
       "       [ 0.        ,  0.        ,  0.        ,  1.        ]],\n",
       "      dtype=float32)"
      ]
     },
     "execution_count": 48,
     "metadata": {},
     "output_type": "execute_result"
    }
   ],
   "source": [
    "import numpy as np\n",
    "\n",
    "# Load the .npz file\n",
    "data = np.load('/home/jacinto/robot-grasp/third_party/contact_graspnet/results/predictions_contact_graspnet_input.npz', allow_pickle=True)\n",
    "\n",
    "# Check the keys inside the npz file (optional, to understand its structure)\n",
    "print(\"Keys in the .npz file:\", data.files)\n",
    "\n",
    "# Access the 'scores' array\n",
    "scores = data['scores'].item()\n",
    "pred_grasps_cam = data['pred_grasps_cam'].item()\n",
    "\n",
    "pred_grasps_cam[1][np.argmax(scores[1])]"
   ]
  },
  {
   "cell_type": "code",
   "execution_count": 49,
   "metadata": {},
   "outputs": [
    {
     "name": "stdout",
     "output_type": "stream",
     "text": [
      "{1: array([[[-5.91478229e-01,  8.06186676e-01,  1.47076929e-02,\n",
      "          3.82067531e-01],\n",
      "        [-6.76881313e-01, -5.06357074e-01,  5.34260333e-01,\n",
      "         -8.43571648e-02],\n",
      "        [ 4.38160837e-01,  3.06047976e-01,  8.45192075e-01,\n",
      "          5.47477365e-01],\n",
      "        [ 0.00000000e+00,  0.00000000e+00,  0.00000000e+00,\n",
      "          1.00000000e+00]],\n",
      "\n",
      "       [[ 3.85536365e-02,  8.83494735e-01, -4.66851860e-01,\n",
      "          4.57967937e-01],\n",
      "        [-9.55756545e-01,  1.68949977e-01,  2.40801275e-01,\n",
      "         -5.31640053e-02],\n",
      "        [ 2.91621268e-01,  4.36912954e-01,  8.50919545e-01,\n",
      "          5.79752445e-01],\n",
      "        [ 0.00000000e+00,  0.00000000e+00,  0.00000000e+00,\n",
      "          1.00000000e+00]],\n",
      "\n",
      "       [[-5.90772890e-02,  9.90797698e-01, -1.21777914e-01,\n",
      "          4.14767802e-01],\n",
      "        [-9.50913072e-01, -1.87336914e-02,  3.08890641e-01,\n",
      "         -5.82818836e-02],\n",
      "        [ 3.03766847e-01,  1.34048626e-01,  9.43269134e-01,\n",
      "          5.49069285e-01],\n",
      "        [ 0.00000000e+00,  0.00000000e+00,  0.00000000e+00,\n",
      "          1.00000000e+00]],\n",
      "\n",
      "       [[ 1.23058043e-01,  9.80425894e-01, -1.53693751e-01,\n",
      "          4.50692952e-01],\n",
      "        [-9.41246450e-01,  1.64387137e-01,  2.95011729e-01,\n",
      "         -5.07597104e-02],\n",
      "        [ 3.14502388e-01,  1.08360134e-01,  9.43051636e-01,\n",
      "          5.61113119e-01],\n",
      "        [ 0.00000000e+00,  0.00000000e+00,  0.00000000e+00,\n",
      "          1.00000000e+00]],\n",
      "\n",
      "       [[-1.10747414e-02,  9.54268217e-01, -2.98746675e-01,\n",
      "          4.51072693e-01],\n",
      "        [-9.19754565e-01,  1.07502565e-01,  3.77484769e-01,\n",
      "         -6.18536025e-02],\n",
      "        [ 3.92337739e-01,  2.78954178e-01,  8.76501977e-01,\n",
      "          5.68148911e-01],\n",
      "        [ 0.00000000e+00,  0.00000000e+00,  0.00000000e+00,\n",
      "          1.00000000e+00]],\n",
      "\n",
      "       [[ 9.08810139e-01,  4.00966436e-01, -1.15282059e-01,\n",
      "          4.24262196e-01],\n",
      "        [-3.36445928e-01,  8.67746532e-01,  3.65814060e-01,\n",
      "         -7.09794685e-02],\n",
      "        [ 2.46714815e-01, -2.93669343e-01,  9.23520446e-01,\n",
      "          5.57998002e-01],\n",
      "        [ 0.00000000e+00,  0.00000000e+00,  0.00000000e+00,\n",
      "          1.00000000e+00]],\n",
      "\n",
      "       [[ 3.48248929e-02,  8.99998367e-01, -4.34499830e-01,\n",
      "          4.67937291e-01],\n",
      "        [-9.35454965e-01,  1.82365403e-01,  3.02765250e-01,\n",
      "         -5.47650233e-02],\n",
      "        [ 3.51725996e-01,  3.95911247e-01,  8.48258853e-01,\n",
      "          5.89988589e-01],\n",
      "        [ 0.00000000e+00,  0.00000000e+00,  0.00000000e+00,\n",
      "          1.00000000e+00]],\n",
      "\n",
      "       [[-5.21393418e-01,  8.46022308e-01, -1.11333214e-01,\n",
      "          4.02640462e-01],\n",
      "        [-7.82528162e-01, -4.22022909e-01,  4.57762331e-01,\n",
      "         -7.57347941e-02],\n",
      "        [ 3.40292037e-01,  3.25795650e-01,  8.82076204e-01,\n",
      "          5.51469147e-01],\n",
      "        [ 0.00000000e+00,  0.00000000e+00,  0.00000000e+00,\n",
      "          1.00000000e+00]],\n",
      "\n",
      "       [[-5.02488375e-01,  8.51755857e-01, -1.48383141e-01,\n",
      "          4.03662413e-01],\n",
      "        [-8.27527046e-01, -4.24107939e-01,  3.67874295e-01,\n",
      "         -6.04214445e-02],\n",
      "        [ 2.50408620e-01,  3.07643622e-01,  9.17960227e-01,\n",
      "          5.55580258e-01],\n",
      "        [ 0.00000000e+00,  0.00000000e+00,  0.00000000e+00,\n",
      "          1.00000000e+00]],\n",
      "\n",
      "       [[ 9.99280870e-01, -1.39257833e-02, -3.52663770e-02,\n",
      "          4.04743820e-01],\n",
      "        [ 2.76685711e-02,  9.03771877e-01,  4.27119166e-01,\n",
      "         -7.87545815e-02],\n",
      "        [ 2.59247907e-02, -4.27787781e-01,  9.03507352e-01,\n",
      "          5.51628828e-01],\n",
      "        [ 0.00000000e+00,  0.00000000e+00,  0.00000000e+00,\n",
      "          1.00000000e+00]],\n",
      "\n",
      "       [[-4.89844233e-02,  9.73512650e-01, -2.23323911e-01,\n",
      "          4.25624043e-01],\n",
      "        [-9.59809124e-01,  1.59825180e-02,  2.80197948e-01,\n",
      "         -5.44466823e-02],\n",
      "        [ 2.76345462e-01,  2.28073657e-01,  9.33603525e-01,\n",
      "          5.61014235e-01],\n",
      "        [ 0.00000000e+00,  0.00000000e+00,  0.00000000e+00,\n",
      "          1.00000000e+00]],\n",
      "\n",
      "       [[ 4.66372520e-02,  9.37660217e-01, -3.44410062e-01,\n",
      "          4.63690519e-01],\n",
      "        [-9.47515309e-01,  1.50696144e-01,  2.81966984e-01,\n",
      "         -5.22236377e-02],\n",
      "        [ 3.16290468e-01,  3.13183635e-01,  8.95475507e-01,\n",
      "          5.72036028e-01],\n",
      "        [ 0.00000000e+00,  0.00000000e+00,  0.00000000e+00,\n",
      "          1.00000000e+00]],\n",
      "\n",
      "       [[-8.14224303e-01,  5.80472648e-01,  9.50529333e-03,\n",
      "          3.87806535e-01],\n",
      "        [-4.80231225e-01, -6.82635963e-01,  5.50805032e-01,\n",
      "         -9.20152888e-02],\n",
      "        [ 3.26215923e-01,  4.43914115e-01,  8.34579825e-01,\n",
      "          5.49352348e-01],\n",
      "        [ 0.00000000e+00,  0.00000000e+00,  0.00000000e+00,\n",
      "          1.00000000e+00]],\n",
      "\n",
      "       [[-7.52040207e-01,  6.58003747e-01, -3.82969268e-02,\n",
      "          3.86078566e-01],\n",
      "        [-5.81723154e-01, -6.35295570e-01,  5.07934809e-01,\n",
      "         -8.74080881e-02],\n",
      "        [ 3.09893101e-01,  4.04265612e-01,  8.60543787e-01,\n",
      "          5.39635241e-01],\n",
      "        [ 0.00000000e+00,  0.00000000e+00,  0.00000000e+00,\n",
      "          1.00000000e+00]],\n",
      "\n",
      "       [[-5.37653804e-01,  8.42720628e-01, -2.73916218e-02,\n",
      "          3.85092556e-01],\n",
      "        [-7.58103073e-01, -4.68937725e-01,  4.53185499e-01,\n",
      "         -7.13231638e-02],\n",
      "        [ 3.69063795e-01,  2.64422566e-01,  8.90995264e-01,\n",
      "          5.48604071e-01],\n",
      "        [ 0.00000000e+00,  0.00000000e+00,  0.00000000e+00,\n",
      "          1.00000000e+00]],\n",
      "\n",
      "       [[-4.24116820e-01,  8.82931352e-01, -2.01388285e-01,\n",
      "          4.16352123e-01],\n",
      "        [-8.73313427e-01, -3.39895338e-01,  3.48991126e-01,\n",
      "         -6.24634251e-02],\n",
      "        [ 2.39684224e-01,  3.23888093e-01,  9.15231168e-01,\n",
      "          5.56841135e-01],\n",
      "        [ 0.00000000e+00,  0.00000000e+00,  0.00000000e+00,\n",
      "          1.00000000e+00]],\n",
      "\n",
      "       [[ 9.98921812e-01,  3.05297747e-02, -3.49744149e-02,\n",
      "          4.09716457e-01],\n",
      "        [-1.22896256e-02,  9.00374472e-01,  4.34942335e-01,\n",
      "         -8.12556893e-02],\n",
      "        [ 4.47687618e-02, -4.34043586e-01,  8.99778843e-01,\n",
      "          5.58051765e-01],\n",
      "        [ 0.00000000e+00,  0.00000000e+00,  0.00000000e+00,\n",
      "          1.00000000e+00]],\n",
      "\n",
      "       [[ 8.30417931e-01,  4.99737173e-01, -2.46310323e-01,\n",
      "          4.49816346e-01],\n",
      "        [-4.70341206e-01,  8.65785539e-01,  1.70863748e-01,\n",
      "         -5.48711047e-02],\n",
      "        [ 2.98638910e-01, -2.60384250e-02,  9.54010844e-01,\n",
      "          5.68134665e-01],\n",
      "        [ 0.00000000e+00,  0.00000000e+00,  0.00000000e+00,\n",
      "          1.00000000e+00]],\n",
      "\n",
      "       [[ 1.64022786e-04,  9.85512435e-01, -1.69603407e-01,\n",
      "          4.33921635e-01],\n",
      "        [-9.24626350e-01,  6.47472590e-02,  3.75331819e-01,\n",
      "         -6.26739711e-02],\n",
      "        [ 3.80875558e-01,  1.56758219e-01,  9.11241293e-01,\n",
      "          5.56534111e-01],\n",
      "        [ 0.00000000e+00,  0.00000000e+00,  0.00000000e+00,\n",
      "          1.00000000e+00]],\n",
      "\n",
      "       [[-7.63300136e-02,  9.93020177e-01, -8.99145976e-02,\n",
      "          4.19768989e-01],\n",
      "        [-9.12982404e-01, -3.33585702e-02,  4.06632900e-01,\n",
      "         -6.57179281e-02],\n",
      "        [ 4.00795221e-01,  1.13128744e-01,  9.09156263e-01,\n",
      "          5.51789284e-01],\n",
      "        [ 0.00000000e+00,  0.00000000e+00,  0.00000000e+00,\n",
      "          1.00000000e+00]],\n",
      "\n",
      "       [[-7.09188953e-02,  9.32433248e-01, -3.54314625e-01,\n",
      "          4.48815733e-01],\n",
      "        [-9.45679426e-01,  5.01308888e-02,  3.21212381e-01,\n",
      "         -5.74587286e-02],\n",
      "        [ 3.17271203e-01,  3.57848078e-01,  8.78227651e-01,\n",
      "          5.69821358e-01],\n",
      "        [ 0.00000000e+00,  0.00000000e+00,  0.00000000e+00,\n",
      "          1.00000000e+00]],\n",
      "\n",
      "       [[ 1.92527771e-01,  8.98647666e-01, -3.94164175e-01,\n",
      "          4.76297826e-01],\n",
      "        [-9.24096048e-01,  3.01167130e-01,  2.35254735e-01,\n",
      "         -4.62402254e-02],\n",
      "        [ 3.30120414e-01,  3.18952471e-01,  8.88419807e-01,\n",
      "          5.79793036e-01],\n",
      "        [ 0.00000000e+00,  0.00000000e+00,  0.00000000e+00,\n",
      "          1.00000000e+00]],\n",
      "\n",
      "       [[ 1.47786319e-01,  9.11295891e-01, -3.84316415e-01,\n",
      "          4.85155165e-01],\n",
      "        [-8.88513625e-01,  2.93008715e-01,  3.53113919e-01,\n",
      "         -5.44375256e-02],\n",
      "        [ 4.34399277e-01,  2.89284974e-01,  8.53001475e-01,\n",
      "          5.86662412e-01],\n",
      "        [ 0.00000000e+00,  0.00000000e+00,  0.00000000e+00,\n",
      "          1.00000000e+00]],\n",
      "\n",
      "       [[-5.62532842e-01,  8.26769292e-01,  3.07833659e-03,\n",
      "          3.78298849e-01],\n",
      "        [-7.28010893e-01, -4.97095555e-01,  4.72118914e-01,\n",
      "         -7.42627308e-02],\n",
      "        [ 3.91863704e-01,  2.63341308e-01,  8.81529450e-01,\n",
      "          5.43628156e-01],\n",
      "        [ 0.00000000e+00,  0.00000000e+00,  0.00000000e+00,\n",
      "          1.00000000e+00]]], dtype=float32)}\n"
     ]
    }
   ],
   "source": [
    "print(pred_grasps_cam)"
   ]
  },
  {
   "cell_type": "code",
   "execution_count": null,
   "metadata": {},
   "outputs": [],
   "source": []
  }
 ],
 "metadata": {
  "kernelspec": {
   "display_name": "venv",
   "language": "python",
   "name": "python3"
  },
  "language_info": {
   "codemirror_mode": {
    "name": "ipython",
    "version": 3
   },
   "file_extension": ".py",
   "mimetype": "text/x-python",
   "name": "python",
   "nbconvert_exporter": "python",
   "pygments_lexer": "ipython3",
   "version": "3.10.12"
  }
 },
 "nbformat": 4,
 "nbformat_minor": 2
}
