{
 "cells": [
  {
   "cell_type": "markdown",
   "metadata": {},
   "source": [
    "## Input example for Contact Graspnet"
   ]
  },
  {
   "cell_type": "code",
   "execution_count": 2,
   "metadata": {},
   "outputs": [
    {
     "data": {
      "text/plain": [
       "array({1.0: array([[[ 0.25270715,  0.77525395, -0.5788958 ,  0.09819905],\n",
       "        [ 0.1101109 , -0.6174719 , -0.7788479 ,  0.22726125],\n",
       "        [-0.96125674,  0.13307768, -0.24140349,  0.9532337 ],\n",
       "        [ 0.        ,  0.        ,  0.        ,  1.        ]],\n",
       "\n",
       "       [[-0.970906  , -0.22861779, -0.07124183,  0.10017426],\n",
       "        [-0.00667395,  0.3232287 , -0.9462973 ,  0.32013008],\n",
       "        [ 0.23936786, -0.91829026, -0.31535047,  0.92503345],\n",
       "        [ 0.        ,  0.        ,  0.        ,  1.        ]],\n",
       "\n",
       "       [[ 0.8158964 , -0.1822873 , -0.54871154,  0.02944003],\n",
       "        [-0.5202954 ,  0.18247466, -0.83426344,  0.25546426],\n",
       "        [ 0.25220162,  0.9661646 ,  0.05403716,  0.9049135 ],\n",
       "        [ 0.        ,  0.        ,  0.        ,  1.        ]],\n",
       "\n",
       "       [[ 0.5870651 ,  0.55529267, -0.58907104,  0.09533538],\n",
       "        [-0.26124823, -0.5587771 , -0.7870944 ,  0.2953062 ],\n",
       "        [-0.7662271 ,  0.6159694 , -0.1829693 ,  0.93739724],\n",
       "        [ 0.        ,  0.        ,  0.        ,  1.        ]],\n",
       "\n",
       "       [[ 0.18334281, -0.34252986, -0.9214438 ,  0.18185759],\n",
       "        [ 0.9410209 ,  0.33229557,  0.06371339,  0.171756  ],\n",
       "        [ 0.28436798, -0.8787793 ,  0.38325176,  0.8800661 ],\n",
       "        [ 0.        ,  0.        ,  0.        ,  1.        ]],\n",
       "\n",
       "       [[-0.0894194 ,  0.48181805, -0.87169695,  0.08048582],\n",
       "        [ 0.7540418 , -0.5390461 , -0.3753003 ,  0.20095998],\n",
       "        [-0.65071124, -0.6908551 , -0.3151098 ,  0.99129   ],\n",
       "        [ 0.        ,  0.        ,  0.        ,  1.        ]],\n",
       "\n",
       "       [[ 0.65481985,  0.60946095, -0.44695458,  0.10387982],\n",
       "        [-0.22964214, -0.40297458, -0.8859323 ,  0.31064188],\n",
       "        [-0.7200524 ,  0.68276566, -0.12391782,  0.883383  ],\n",
       "        [ 0.        ,  0.        ,  0.        ,  1.        ]],\n",
       "\n",
       "       [[-0.9619964 , -0.20588475,  0.17937255, -0.0314527 ],\n",
       "        [-0.21555717,  0.1693337 , -0.96169704,  0.30858862],\n",
       "        [ 0.16762495, -0.96381414, -0.20727834,  0.93376553],\n",
       "        [ 0.        ,  0.        ,  0.        ,  1.        ]],\n",
       "\n",
       "       [[-0.91428155, -0.3874135 ,  0.11832241, -0.00438274],\n",
       "        [-0.22673191,  0.247371  , -0.94201916,  0.27794138],\n",
       "        [ 0.33568147, -0.8880982 , -0.31400573,  0.9684683 ],\n",
       "        [ 0.        ,  0.        ,  0.        ,  1.        ]],\n",
       "\n",
       "       [[ 0.95945024, -0.11852513,  0.25574857,  0.09399699],\n",
       "        [ 0.26542214,  0.07441087, -0.96125644,  0.28703478],\n",
       "        [ 0.0949026 ,  0.9901591 ,  0.10285273,  0.8849305 ],\n",
       "        [ 0.        ,  0.        ,  0.        ,  1.        ]],\n",
       "\n",
       "       [[ 0.81219476, -0.45871136, -0.36044917,  0.05366283],\n",
       "        [-0.26144606,  0.2661377 , -0.9278021 ,  0.31755757],\n",
       "        [ 0.52152246,  0.84779406,  0.09622737,  0.87215745],\n",
       "        [ 0.        ,  0.        ,  0.        ,  1.        ]],\n",
       "\n",
       "       [[ 0.7460495 , -0.66456544,  0.04198677,  0.04943726],\n",
       "        [ 0.56510115,  0.598514  , -0.56783944,  0.2441649 ],\n",
       "        [ 0.35223684,  0.4473631 ,  0.8220678 ,  0.85169774],\n",
       "        [ 0.        ,  0.        ,  0.        ,  1.        ]],\n",
       "\n",
       "       [[-0.8289709 , -0.5567657 ,  0.05309558,  0.06411487],\n",
       "        [-0.45595384,  0.61777425, -0.6406725 ,  0.27784356],\n",
       "        [ 0.32390314, -0.555308  , -0.7659763 ,  0.99584526],\n",
       "        [ 0.        ,  0.        ,  0.        ,  1.        ]],\n",
       "\n",
       "       [[ 0.61816305,  0.7311975 , -0.28848687, -0.00808203],\n",
       "        [ 0.7803664 , -0.6149227 ,  0.11357127,  0.18816906],\n",
       "        [-0.09435438, -0.29533103, -0.9507244 ,  0.99111754],\n",
       "        [ 0.        ,  0.        ,  0.        ,  1.        ]],\n",
       "\n",
       "       [[ 0.1823205 ,  0.83154815, -0.524678  ,  0.0553343 ],\n",
       "        [ 0.2025656 , -0.5539413 , -0.80753714,  0.23594053],\n",
       "        [-0.9621468 ,  0.04094887, -0.26943788,  0.9501271 ],\n",
       "        [ 0.        ,  0.        ,  0.        ,  1.        ]],\n",
       "\n",
       "       [[-0.8672835 , -0.45764148,  0.19591682,  0.04900254],\n",
       "        [-0.3635511 ,  0.3134104 , -0.87727106,  0.24095716],\n",
       "        [ 0.34007323, -0.8320685 , -0.4381917 ,  0.98498446],\n",
       "        [ 0.        ,  0.        ,  0.        ,  1.        ]],\n",
       "\n",
       "       [[ 0.80955654, -0.3866119 ,  0.44175717,  0.04300151],\n",
       "        [ 0.5317378 ,  0.16406992, -0.8308646 ,  0.31497383],\n",
       "        [ 0.24874307,  0.90753084,  0.33840004,  0.82649153],\n",
       "        [ 0.        ,  0.        ,  0.        ,  1.        ]],\n",
       "\n",
       "       [[ 0.17597745,  0.03123625, -0.9838985 ,  0.08494337],\n",
       "        [ 0.7201926 , -0.6854655 ,  0.10704997,  0.21481128],\n",
       "        [-0.6710846 , -0.7274348 , -0.1431226 ,  0.8824661 ],\n",
       "        [ 0.        ,  0.        ,  0.        ,  1.        ]],\n",
       "\n",
       "       [[ 0.39055157, -0.3027249 , -0.86938316,  0.11890908],\n",
       "        [ 0.50879055, -0.71606106,  0.4779003 ,  0.12890232],\n",
       "        [-0.76720375, -0.6289786 , -0.12563519,  0.94541943],\n",
       "        [ 0.        ,  0.        ,  0.        ,  1.        ]],\n",
       "\n",
       "       [[-0.11076429, -0.0220962 , -0.993601  ,  0.07090649],\n",
       "        [-0.9034654 ,  0.4188028 ,  0.09140263,  0.20309359],\n",
       "        [ 0.41410327,  0.9078083 , -0.06635155,  0.89832807],\n",
       "        [ 0.        ,  0.        ,  0.        ,  1.        ]],\n",
       "\n",
       "       [[ 0.47367   , -0.21943355, -0.8529277 ,  0.08699693],\n",
       "        [-0.8375279 , -0.41174075, -0.35918882,  0.24063922],\n",
       "        [-0.272367  ,  0.8844877 , -0.37881097,  0.9535462 ],\n",
       "        [ 0.        ,  0.        ,  0.        ,  1.        ]],\n",
       "\n",
       "       [[-0.41199273, -0.13691916, -0.90084136,  0.15345488],\n",
       "        [ 0.3272723 , -0.9449106 , -0.00605815,  0.22296403],\n",
       "        [-0.85038507, -0.29731634,  0.43410617,  0.81804657],\n",
       "        [ 0.        ,  0.        ,  0.        ,  1.        ]],\n",
       "\n",
       "       [[ 0.4249874 ,  0.03581216, -0.90449065,  0.07319705],\n",
       "        [ 0.750002  ,  0.54554737,  0.3739991 ,  0.14043932],\n",
       "        [ 0.5068361 , -0.8373147 ,  0.20499156,  0.88882375],\n",
       "        [ 0.        ,  0.        ,  0.        ,  1.        ]],\n",
       "\n",
       "       [[ 0.19665661,  0.06446352, -0.97835094,  0.07663502],\n",
       "        [ 0.89925885, -0.40949497,  0.15377684,  0.17697212],\n",
       "        [-0.39071682, -0.910032  , -0.13849929,  0.9139928 ],\n",
       "        [ 0.        ,  0.        ,  0.        ,  1.        ]],\n",
       "\n",
       "       [[ 0.10287613,  0.01253819, -0.99461514,  0.21408112],\n",
       "        [ 0.78557366,  0.61233795,  0.08897349,  0.21126206],\n",
       "        [ 0.6101562 , -0.7904967 ,  0.05314529,  0.88471663],\n",
       "        [ 0.        ,  0.        ,  0.        ,  1.        ]],\n",
       "\n",
       "       [[ 0.4552313 ,  0.02510681, -0.8900191 ,  0.13149703],\n",
       "        [-0.8883163 , -0.05509911, -0.45591462,  0.24172659],\n",
       "        [-0.06048583,  0.9981651 , -0.00278005,  0.931927  ],\n",
       "        [ 0.        ,  0.        ,  0.        ,  1.        ]],\n",
       "\n",
       "       [[ 0.43830076, -0.0360596 , -0.8981047 ,  0.14694308],\n",
       "        [ 0.85255396, -0.29979256,  0.42810753,  0.14852408],\n",
       "        [-0.2846825 , -0.9533226 , -0.10065653,  0.9438425 ],\n",
       "        [ 0.        ,  0.        ,  0.        ,  1.        ]],\n",
       "\n",
       "       [[-0.17117405,  0.07779544, -0.9821646 ,  0.1390747 ],\n",
       "        [ 0.10320806, -0.9899771 , -0.09640161,  0.16340826],\n",
       "        [-0.97982013, -0.11786876,  0.16142927,  0.91536224],\n",
       "        [ 0.        ,  0.        ,  0.        ,  1.        ]],\n",
       "\n",
       "       [[ 0.9360066 ,  0.07600076, -0.34367946,  0.13452289],\n",
       "        [ 0.10147522,  0.87668747,  0.47023597,  0.18908164],\n",
       "        [ 0.33703765, -0.47501892,  0.81287307,  0.7879571 ],\n",
       "        [ 0.        ,  0.        ,  0.        ,  1.        ]]],\n",
       "      dtype=float32), 2.0: array([[[ 0.8227824 ,  0.44673896,  0.3513593 , -0.12364957],\n",
       "        [ 0.19314684,  0.36163205, -0.9120946 , -0.03544264],\n",
       "        [-0.534531  ,  0.8183193 ,  0.21125828,  1.4191083 ],\n",
       "        [ 0.        ,  0.        ,  0.        ,  1.        ]],\n",
       "\n",
       "       [[-0.00741945,  0.9999657 ,  0.00366325,  0.01578293],\n",
       "        [-0.9568709 , -0.00603567, -0.29045075, -0.10434298],\n",
       "        [-0.29041874, -0.00566024,  0.9568829 ,  1.1323279 ],\n",
       "        [ 0.        ,  0.        ,  0.        ,  1.        ]],\n",
       "\n",
       "       [[ 0.74134696,  0.09863016,  0.6638349 , -0.15380849],\n",
       "        [ 0.6480463 ,  0.15194403, -0.74629015, -0.01112992],\n",
       "        [-0.17447245,  0.9834557 ,  0.04872632,  1.277764  ],\n",
       "        [ 0.        ,  0.        ,  0.        ,  1.        ]],\n",
       "\n",
       "       [[-0.7178731 ,  0.6931763 , -0.06453507, -0.00876437],\n",
       "        [-0.19176053, -0.28599972, -0.9388462 , -0.13380224],\n",
       "        [-0.6692429 , -0.66159713,  0.33823538,  1.1049298 ],\n",
       "        [ 0.        ,  0.        ,  0.        ,  1.        ]],\n",
       "\n",
       "       [[ 0.8615898 , -0.48305744,  0.15594386,  0.04531806],\n",
       "        [ 0.24880056,  0.13410118, -0.95922637,  0.01643311],\n",
       "        [ 0.44244915,  0.8652586 ,  0.23572518,  1.3097771 ],\n",
       "        [ 0.        ,  0.        ,  0.        ,  1.        ]],\n",
       "\n",
       "       [[ 0.6865589 , -0.27886897, -0.67146784, -0.00290514],\n",
       "        [ 0.07434648,  0.94560605, -0.31670463, -0.12645903],\n",
       "        [ 0.7232631 ,  0.16751511,  0.66994715,  1.1419098 ],\n",
       "        [ 0.        ,  0.        ,  0.        ,  1.        ]],\n",
       "\n",
       "       [[ 0.7736011 , -0.5038927 ,  0.3842308 , -0.00242842],\n",
       "        [ 0.6249546 ,  0.5064632 , -0.5940764 ,  0.05686125],\n",
       "        [ 0.10475197,  0.69970495,  0.70671064,  1.1928543 ],\n",
       "        [ 0.        ,  0.        ,  0.        ,  1.        ]],\n",
       "\n",
       "       [[ 0.15849572,  0.9756559 , -0.15157399, -0.1235933 ],\n",
       "        [-0.9147299 ,  0.08730707, -0.39452094, -0.06453547],\n",
       "        [-0.37168318,  0.20117915,  0.90629935,  1.2800741 ],\n",
       "        [ 0.        ,  0.        ,  0.        ,  1.        ]],\n",
       "\n",
       "       [[ 0.6774504 ,  0.60758376, -0.4146116 ,  0.10644427],\n",
       "        [-0.62297964,  0.17423128, -0.7625876 , -0.05003222],\n",
       "        [-0.39109752,  0.77490985,  0.49654534,  1.4412199 ],\n",
       "        [ 0.        ,  0.        ,  0.        ,  1.        ]],\n",
       "\n",
       "       [[ 0.73003536, -0.68030196, -0.06509742, -0.10487904],\n",
       "        [-0.02524685,  0.06834219, -0.99734247,  0.08389761],\n",
       "        [ 0.6829429 ,  0.7297388 ,  0.03271672,  1.310399  ],\n",
       "        [ 0.        ,  0.        ,  0.        ,  1.        ]],\n",
       "\n",
       "       [[-0.7047767 , -0.37020686, -0.6051751 , -0.00397612],\n",
       "        [ 0.40378544, -0.9107194 ,  0.08687736, -0.08032978],\n",
       "        [-0.58330715, -0.18313174,  0.7913378 ,  1.1387491 ],\n",
       "        [ 0.        ,  0.        ,  0.        ,  1.        ]],\n",
       "\n",
       "       [[ 0.7774695 ,  0.62437344,  0.0754921 , -0.01866599],\n",
       "        [-0.31935024,  0.49533364, -0.8078738 , -0.08002172],\n",
       "        [-0.54180866,  0.6039888 ,  0.58450055,  1.1143343 ],\n",
       "        [ 0.        ,  0.        ,  0.        ,  1.        ]],\n",
       "\n",
       "       [[ 0.6008445 ,  0.7900462 ,  0.12170865, -0.08775996],\n",
       "        [-0.35269684,  0.39864898, -0.8465719 ,  0.05607266],\n",
       "        [-0.7173499 ,  0.46573186,  0.5181728 ,  1.2031468 ],\n",
       "        [ 0.        ,  0.        ,  0.        ,  1.        ]],\n",
       "\n",
       "       [[-0.22947977, -0.7308808 , -0.64276934,  0.1082707 ],\n",
       "        [ 0.4856521 , -0.6582927 ,  0.57514596, -0.07398023],\n",
       "        [-0.8434934 , -0.1801779 ,  0.5060185 ,  1.2285489 ],\n",
       "        [ 0.        ,  0.        ,  0.        ,  1.        ]],\n",
       "\n",
       "       [[ 0.9245596 ,  0.16521518, -0.3433562 ,  0.10416327],\n",
       "        [-0.17489353,  0.98458326,  0.00282108, -0.11394691],\n",
       "        [ 0.3385289 ,  0.05744252,  0.93920094,  1.3372825 ],\n",
       "        [ 0.        ,  0.        ,  0.        ,  1.        ]],\n",
       "\n",
       "       [[-0.37479013, -0.8876252 , -0.26768205, -0.12556775],\n",
       "        [ 0.8424288 , -0.4466069 ,  0.30142316, -0.04036188],\n",
       "        [-0.3870995 , -0.11253264,  0.915145  ,  1.2568579 ],\n",
       "        [ 0.        ,  0.        ,  0.        ,  1.        ]],\n",
       "\n",
       "       [[ 0.8306896 ,  0.52052367,  0.19750907,  0.04403909],\n",
       "        [-0.46555743,  0.84400886, -0.2662805 , -0.07356305],\n",
       "        [-0.30530468,  0.12924463,  0.9434431 ,  1.157999  ],\n",
       "        [ 0.        ,  0.        ,  0.        ,  1.        ]],\n",
       "\n",
       "       [[ 0.5274655 ,  0.7860358 ,  0.32237813, -0.08660959],\n",
       "        [-0.54551697,  0.60425586, -0.5807632 , -0.15580873],\n",
       "        [-0.65129966,  0.13046984,  0.7475201 ,  1.0693034 ],\n",
       "        [ 0.        ,  0.        ,  0.        ,  1.        ]],\n",
       "\n",
       "       [[ 0.6920593 , -0.19247778, -0.6957056 ,  0.07417843],\n",
       "        [-0.6227664 ,  0.32811907, -0.71028167, -0.06349757],\n",
       "        [ 0.36498767,  0.9248191 ,  0.10720918,  1.2046016 ],\n",
       "        [ 0.        ,  0.        ,  0.        ,  1.        ]],\n",
       "\n",
       "       [[-0.9695088 ,  0.13665392,  0.20341645,  0.0026814 ],\n",
       "        [-0.22300367, -0.8361275 , -0.5011588 ,  0.06418209],\n",
       "        [ 0.1015968 , -0.53124046,  0.8411074 ,  1.1956347 ],\n",
       "        [ 0.        ,  0.        ,  0.        ,  1.        ]],\n",
       "\n",
       "       [[ 0.3188239 ,  0.9231344 , -0.21488184,  0.02005417],\n",
       "        [-0.9297769 ,  0.34863162,  0.11819878, -0.09387499],\n",
       "        [ 0.18402794,  0.16210757,  0.9694611 ,  1.1358542 ],\n",
       "        [ 0.        ,  0.        ,  0.        ,  1.        ]],\n",
       "\n",
       "       [[ 0.6210395 , -0.6470947 , -0.44224232, -0.02547167],\n",
       "        [-0.23594624,  0.3837175 , -0.8927991 , -0.03133238],\n",
       "        [ 0.74742174,  0.65880895,  0.08562416,  1.2544442 ],\n",
       "        [ 0.        ,  0.        ,  0.        ,  1.        ]],\n",
       "\n",
       "       [[-0.78184885,  0.545486  ,  0.30192292,  0.01614206],\n",
       "        [-0.58590543, -0.47729522, -0.65490776,  0.03784988],\n",
       "        [-0.21313657, -0.6889372 ,  0.6927759 ,  1.2460971 ],\n",
       "        [ 0.        ,  0.        ,  0.        ,  1.        ]],\n",
       "\n",
       "       [[-0.35023242,  0.82074517, -0.45134756,  0.08743817],\n",
       "        [-0.59979504, -0.5666306 , -0.56495637, -0.02266579],\n",
       "        [-0.7194325 ,  0.07284999,  0.6907313 ,  1.2282919 ],\n",
       "        [ 0.        ,  0.        ,  0.        ,  1.        ]],\n",
       "\n",
       "       [[-0.28922972,  0.8845064 , -0.36605275,  0.00275471],\n",
       "        [ 0.45768222, -0.2080816 , -0.8644241 , -0.10503022],\n",
       "        [-0.8407575 , -0.41755298, -0.34463945,  1.1599281 ],\n",
       "        [ 0.        ,  0.        ,  0.        ,  1.        ]],\n",
       "\n",
       "       [[-0.56124455,  0.03786108, -0.8267836 , -0.02822829],\n",
       "        [ 0.7760377 , -0.3231709 , -0.5415958 ,  0.05486914],\n",
       "        [-0.2876978 , -0.9455829 ,  0.15199628,  1.2587126 ],\n",
       "        [ 0.        ,  0.        ,  0.        ,  1.        ]]],\n",
       "      dtype=float32), 3.0: array([[[ 8.11432242e-01,  4.94247586e-01, -3.11924845e-01,\n",
       "          2.10436076e-01],\n",
       "        [-3.58814210e-01, -5.03563413e-08, -9.33409035e-01,\n",
       "          2.34130740e-01],\n",
       "        [-4.61335152e-01,  8.69321227e-01,  1.77343026e-01,\n",
       "          9.17746425e-01],\n",
       "        [ 0.00000000e+00,  0.00000000e+00,  0.00000000e+00,\n",
       "          1.00000000e+00]],\n",
       "\n",
       "       [[ 6.44006550e-01,  4.94247556e-01, -5.83930731e-01,\n",
       "          3.02543342e-01],\n",
       "        [-6.71708763e-01, -5.42156258e-08, -7.40815282e-01,\n",
       "          2.67422646e-01],\n",
       "        [-3.66146207e-01,  8.69321287e-01,  3.31990361e-01,\n",
       "          8.75218630e-01],\n",
       "        [ 0.00000000e+00,  0.00000000e+00,  0.00000000e+00,\n",
       "          1.00000000e+00]],\n",
       "\n",
       "       [[ 3.17689061e-01,  4.94247556e-01, -8.09192538e-01,\n",
       "          3.87494743e-01],\n",
       "        [-9.30832803e-01,  2.24636452e-08, -3.65445554e-01,\n",
       "          1.85443476e-01],\n",
       "        [-1.80620298e-01,  8.69320989e-01,  4.60061848e-01,\n",
       "          8.26331258e-01],\n",
       "        [ 0.00000000e+00,  0.00000000e+00,  0.00000000e+00,\n",
       "          1.00000000e+00]],\n",
       "\n",
       "       [[ 4.23801988e-01,  4.94247824e-01, -7.59019792e-01,\n",
       "          2.82954872e-01],\n",
       "        [-8.73117924e-01,  1.40960111e-07, -4.87509072e-01,\n",
       "          2.62206644e-01],\n",
       "        [-2.40950182e-01,  8.69321108e-01,  4.31536674e-01,\n",
       "          7.95900583e-01],\n",
       "        [ 0.00000000e+00,  0.00000000e+00,  0.00000000e+00,\n",
       "          1.00000000e+00]],\n",
       "\n",
       "       [[ 3.30221057e-01,  4.94247586e-01, -8.04159999e-01,\n",
       "          2.32675999e-01],\n",
       "        [-9.25043643e-01,  7.09058412e-09, -3.79860789e-01,\n",
       "          2.30356976e-01],\n",
       "        [-1.87745288e-01,  8.69321108e-01,  4.57200587e-01,\n",
       "          8.12352598e-01],\n",
       "        [ 0.00000000e+00,  0.00000000e+00,  0.00000000e+00,\n",
       "          1.00000000e+00]],\n",
       "\n",
       "       [[ 4.10207838e-01,  4.94247943e-01, -7.66451836e-01,\n",
       "          2.27010339e-01],\n",
       "        [-8.81667376e-01,  2.27824330e-07, -4.71871406e-01,\n",
       "          2.17311978e-01],\n",
       "        [-2.33221322e-01,  8.69320929e-01,  4.35762376e-01,\n",
       "          9.33478951e-01],\n",
       "        [ 0.00000000e+00,  0.00000000e+00,  0.00000000e+00,\n",
       "          1.00000000e+00]],\n",
       "\n",
       "       [[ 5.73091388e-01,  4.94247526e-01, -6.53670847e-01,\n",
       "          2.95548350e-01],\n",
       "        [-7.51932561e-01, -2.05223216e-09, -6.59240007e-01,\n",
       "          2.22462431e-01],\n",
       "        [-3.25827807e-01,  8.69321167e-01,  3.71640801e-01,\n",
       "          9.06336725e-01],\n",
       "        [ 0.00000000e+00,  0.00000000e+00,  0.00000000e+00,\n",
       "          1.00000000e+00]],\n",
       "\n",
       "       [[ 6.91101015e-01,  4.94247556e-01, -5.27350783e-01,\n",
       "          3.24171603e-01],\n",
       "        [-6.06623590e-01, -3.67228026e-08, -7.94989169e-01,\n",
       "          2.61949539e-01],\n",
       "        [-3.92921507e-01,  8.69321227e-01,  2.99822211e-01,\n",
       "          8.92218053e-01],\n",
       "        [ 0.00000000e+00,  0.00000000e+00,  0.00000000e+00,\n",
       "          1.00000000e+00]],\n",
       "\n",
       "       [[ 4.77844000e-01,  4.94247586e-01, -7.26212382e-01,\n",
       "          3.42754662e-01],\n",
       "        [-8.35378706e-01,  1.16478631e-08, -5.49674749e-01,\n",
       "          2.76536912e-01],\n",
       "        [-2.71675467e-01,  8.69321108e-01,  4.12883908e-01,\n",
       "          8.51768196e-01],\n",
       "        [ 0.00000000e+00,  0.00000000e+00,  0.00000000e+00,\n",
       "          1.00000000e+00]],\n",
       "\n",
       "       [[ 5.22458434e-01,  4.94247556e-01, -6.94806874e-01,\n",
       "          3.17175329e-01],\n",
       "        [-7.99252152e-01,  9.96326577e-10, -6.00995839e-01,\n",
       "          2.75448918e-01],\n",
       "        [-2.97040731e-01,  8.69321227e-01,  3.95028442e-01,\n",
       "          7.90564120e-01],\n",
       "        [ 0.00000000e+00,  0.00000000e+00,  0.00000000e+00,\n",
       "          1.00000000e+00]],\n",
       "\n",
       "       [[ 8.62144291e-01,  4.94247556e-01,  1.11474440e-01,\n",
       "          2.70827740e-01],\n",
       "        [ 1.28231570e-01,  3.00702432e-08, -9.91744220e-01,\n",
       "          3.06751728e-01],\n",
       "        [-4.90167201e-01,  8.69321167e-01, -6.33781180e-02,\n",
       "          8.56579781e-01],\n",
       "        [ 0.00000000e+00,  0.00000000e+00,  0.00000000e+00,\n",
       "          1.00000000e+00]],\n",
       "\n",
       "       [[ 3.10924232e-01,  4.94247019e-01, -8.11816573e-01,\n",
       "          2.67875642e-01],\n",
       "        [-9.33850646e-01, -2.61297259e-07, -3.57663155e-01,\n",
       "          1.56103268e-01],\n",
       "        [-1.76774189e-01,  8.69321585e-01,  4.61552799e-01,\n",
       "          9.22413468e-01],\n",
       "        [ 0.00000000e+00,  0.00000000e+00,  0.00000000e+00,\n",
       "          1.00000000e+00]],\n",
       "\n",
       "       [[ 3.16531986e-01,  4.94247526e-01, -8.09646070e-01,\n",
       "          3.63036394e-01],\n",
       "        [-9.31354344e-01, -8.31142621e-09, -3.64114106e-01,\n",
       "          1.82910368e-01],\n",
       "        [-1.79962441e-01,  8.69321167e-01,  4.60319579e-01,\n",
       "          8.67045581e-01],\n",
       "        [ 0.00000000e+00,  0.00000000e+00,  0.00000000e+00,\n",
       "          1.00000000e+00]],\n",
       "\n",
       "       [[ 4.48296100e-01,  4.94247884e-01, -7.44815171e-01,\n",
       "          2.54161835e-01],\n",
       "        [-8.56778085e-01,  1.90852376e-07, -5.15685260e-01,\n",
       "          2.49193192e-01],\n",
       "        [-2.54876196e-01,  8.69320989e-01,  4.23460841e-01,\n",
       "          7.90658295e-01],\n",
       "        [ 0.00000000e+00,  0.00000000e+00,  0.00000000e+00,\n",
       "          1.00000000e+00]],\n",
       "\n",
       "       [[ 9.82185230e-02, -9.95149612e-01,  5.49885817e-03,\n",
       "          2.37529010e-01],\n",
       "        [ 5.58984056e-02, -2.44574050e-09, -9.98436451e-01,\n",
       "          2.36527056e-01],\n",
       "        [ 9.93593693e-01,  9.83723253e-02,  5.56272715e-02,\n",
       "          9.45114970e-01],\n",
       "        [ 0.00000000e+00,  0.00000000e+00,  0.00000000e+00,\n",
       "          1.00000000e+00]],\n",
       "\n",
       "       [[ 9.08086672e-02, -9.95857239e-01,  4.69939969e-03,\n",
       "          1.48253292e-01],\n",
       "        [ 5.16812876e-02, -1.11129017e-08, -9.98663604e-01,\n",
       "          3.00796628e-01],\n",
       "        [ 9.94526446e-01,  9.09301862e-02,  5.14671840e-02,\n",
       "          9.09405708e-01],\n",
       "        [ 0.00000000e+00,  0.00000000e+00,  0.00000000e+00,\n",
       "          1.00000000e+00]],\n",
       "\n",
       "       [[ 1.63871750e-01, -9.86362159e-01,  1.53501322e-02,\n",
       "          2.41424471e-01],\n",
       "        [ 9.32631642e-02, -3.23904565e-08, -9.95641470e-01,\n",
       "          2.92250991e-01],\n",
       "        [ 9.82063115e-01,  1.64589107e-01,  9.19912457e-02,\n",
       "          9.43141341e-01],\n",
       "        [ 0.00000000e+00,  0.00000000e+00,  0.00000000e+00,\n",
       "          1.00000000e+00]],\n",
       "\n",
       "       [[ 7.79173732e-01,  4.42114651e-01, -4.44323123e-01,\n",
       "          2.79693156e-01],\n",
       "        [ 4.43445593e-01, -8.89801800e-01, -1.07744202e-01,\n",
       "          2.41537631e-01],\n",
       "        [-4.42994744e-01, -1.13081679e-01, -8.89363945e-01,\n",
       "          9.64041770e-01],\n",
       "        [ 0.00000000e+00,  0.00000000e+00,  0.00000000e+00,\n",
       "          1.00000000e+00]],\n",
       "\n",
       "       [[ 7.79173732e-01,  4.36110675e-01, -4.50217545e-01,\n",
       "          2.36844733e-01],\n",
       "        [ 4.43445593e-01, -8.91167879e-01, -9.57907811e-02,\n",
       "          2.25847587e-01],\n",
       "        [-4.42994744e-01, -1.25009328e-01, -8.87765884e-01,\n",
       "          9.85636175e-01],\n",
       "        [ 0.00000000e+00,  0.00000000e+00,  0.00000000e+00,\n",
       "          1.00000000e+00]],\n",
       "\n",
       "       [[-9.97816086e-01,  4.63761203e-02, -4.70337942e-02,\n",
       "          1.52052537e-01],\n",
       "        [ 4.67298478e-02, -7.61644077e-03, -9.98878539e-01,\n",
       "          2.59490073e-01],\n",
       "        [-4.66823392e-02, -9.98894930e-01,  5.43265790e-03,\n",
       "          9.38345551e-01],\n",
       "        [ 0.00000000e+00,  0.00000000e+00,  0.00000000e+00,\n",
       "          1.00000000e+00]],\n",
       "\n",
       "       [[-6.78804398e-01, -6.87201321e-01, -2.58802772e-01,\n",
       "          2.02784687e-01],\n",
       "        [ 5.24714403e-02,  3.06145906e-01, -9.50537443e-01,\n",
       "          3.13901395e-01],\n",
       "        [ 7.32442021e-01, -6.58808708e-01, -1.71754748e-01,\n",
       "          9.04761076e-01],\n",
       "        [ 0.00000000e+00,  0.00000000e+00,  0.00000000e+00,\n",
       "          1.00000000e+00]],\n",
       "\n",
       "       [[-4.49259244e-02, -8.70153427e-01, -4.90728647e-01,\n",
       "          3.36718261e-01],\n",
       "        [ 7.21220151e-02,  4.87117678e-01, -8.70353162e-01,\n",
       "          2.89081395e-01],\n",
       "        [ 9.96383548e-01, -7.44937584e-02,  4.08730060e-02,\n",
       "          8.82457316e-01],\n",
       "        [ 0.00000000e+00,  0.00000000e+00,  0.00000000e+00,\n",
       "          1.00000000e+00]],\n",
       "\n",
       "       [[-9.93921399e-01, -7.79013988e-07, -1.10092305e-01,\n",
       "          2.20003128e-01],\n",
       "        [-8.01597387e-02, -6.85446203e-01,  7.23697305e-01,\n",
       "          9.12370533e-02],\n",
       "        [-7.54624531e-02,  7.28123188e-01,  6.81279600e-01,\n",
       "          8.74907076e-01],\n",
       "        [ 0.00000000e+00,  0.00000000e+00,  0.00000000e+00,\n",
       "          1.00000000e+00]],\n",
       "\n",
       "       [[ 6.31722957e-02, -5.43455170e-10, -9.98002648e-01,\n",
       "          2.61152059e-01],\n",
       "        [-9.97356117e-01, -3.59881297e-02, -6.31313771e-02,\n",
       "          1.78115621e-01],\n",
       "        [-3.59162465e-02,  9.99352217e-01, -2.27345340e-03,\n",
       "          9.22021091e-01],\n",
       "        [ 0.00000000e+00,  0.00000000e+00,  0.00000000e+00,\n",
       "          1.00000000e+00]],\n",
       "\n",
       "       [[ 6.17711022e-02, -2.05255958e-07, -9.98090327e-01,\n",
       "          2.82507122e-01],\n",
       "        [-9.97472286e-01, -3.51868123e-02, -6.17328398e-02,\n",
       "          1.57860458e-01],\n",
       "        [-3.51196043e-02,  9.99380767e-01, -2.17373273e-03,\n",
       "          9.34038997e-01],\n",
       "        [ 0.00000000e+00,  0.00000000e+00,  0.00000000e+00,\n",
       "          1.00000000e+00]],\n",
       "\n",
       "       [[ 6.17799275e-02, -6.40262787e-10, -9.98089790e-01,\n",
       "          3.11017931e-01],\n",
       "        [-9.97471571e-01, -3.51918489e-02, -6.17416650e-02,\n",
       "          1.96062267e-01],\n",
       "        [-3.51246260e-02,  9.99380589e-01, -2.17415066e-03,\n",
       "          8.90178382e-01],\n",
       "        [ 0.00000000e+00,  0.00000000e+00,  0.00000000e+00,\n",
       "          1.00000000e+00]],\n",
       "\n",
       "       [[ 7.74507299e-02,  2.18728829e-07, -9.96996224e-01,\n",
       "          3.37890148e-01],\n",
       "        [-9.96023238e-01, -4.41668220e-02, -7.73751661e-02,\n",
       "          1.97708741e-01],\n",
       "        [-4.40341681e-02,  9.99024153e-01, -3.42053501e-03,\n",
       "          9.02041852e-01],\n",
       "        [ 0.00000000e+00,  0.00000000e+00,  0.00000000e+00,\n",
       "          1.00000000e+00]],\n",
       "\n",
       "       [[-7.77954936e-01,  5.51581891e-08, -6.28320098e-01,\n",
       "          2.89562166e-01],\n",
       "        [ 4.92403954e-02,  9.96924520e-01, -6.09669462e-02,\n",
       "          2.05756426e-01],\n",
       "        [ 6.26387656e-01, -7.83682689e-02, -7.75562346e-01,\n",
       "          1.02834213e+00],\n",
       "        [ 0.00000000e+00,  0.00000000e+00,  0.00000000e+00,\n",
       "          1.00000000e+00]],\n",
       "\n",
       "       [[ 7.79173732e-01, -7.40993578e-09, -6.26808047e-01,\n",
       "          2.19107553e-01],\n",
       "        [ 4.43445593e-01, -7.06747055e-01,  5.51239192e-01,\n",
       "          1.14649251e-01],\n",
       "        [-4.42994744e-01, -7.07466364e-01, -5.50678730e-01,\n",
       "          9.62541103e-01],\n",
       "        [ 0.00000000e+00,  0.00000000e+00,  0.00000000e+00,\n",
       "          1.00000000e+00]]], dtype=float32), 4.0: array([[[ 0.4503793 ,  0.5538358 , -0.70030296,  0.7281641 ],\n",
       "        [-0.8553312 ,  0.04268983, -0.51632005,  0.20832573],\n",
       "        [-0.25606057,  0.8315308 ,  0.49293962,  0.92950433],\n",
       "        [ 0.        ,  0.        ,  0.        ,  1.        ]],\n",
       "\n",
       "       [[ 0.5395895 ,  0.4466767 , -0.713669  ,  0.6012572 ],\n",
       "        [-0.78404653, -0.04227623, -0.61926055,  0.33650333],\n",
       "        [-0.30678052,  0.8936962 ,  0.32740355,  0.7227885 ],\n",
       "        [ 0.        ,  0.        ,  0.        ,  1.        ]],\n",
       "\n",
       "       [[ 0.27600667,  0.5417326 , -0.7939433 ,  0.45954818],\n",
       "        [-0.9482593 ,  0.01861647, -0.31695065,  0.20798701],\n",
       "        [-0.15692201,  0.8403446 ,  0.51884127,  0.7170536 ],\n",
       "        [ 0.        ,  0.        ,  0.        ,  1.        ]],\n",
       "\n",
       "       ...,\n",
       "\n",
       "       [[ 0.0631723 , -0.03796702, -0.99728024,  0.7606009 ],\n",
       "        [-0.9973561 , -0.03836378, -0.06171658,  0.15737115],\n",
       "        [-0.03591625,  0.9985423 , -0.04029016,  0.97238135],\n",
       "        [ 0.        ,  0.        ,  0.        ,  1.        ]],\n",
       "\n",
       "       [[ 0.06177993, -0.07911137, -0.9949496 ,  0.65122074],\n",
       "        [-0.9974716 , -0.03997494, -0.058758  ,  0.13878086],\n",
       "        [-0.03512463,  0.996064  , -0.08138099,  0.996066  ],\n",
       "        [ 0.        ,  0.        ,  0.        ,  1.        ]],\n",
       "\n",
       "       [[-0.77897334, -0.04273142, -0.6255995 ,  0.4853857 ],\n",
       "        [ 0.04760985,  0.99076504, -0.12695603,  0.24756876],\n",
       "        [ 0.62524694, -0.12868007, -0.76974505,  0.909317  ],\n",
       "        [ 0.        ,  0.        ,  0.        ,  1.        ]]],\n",
       "      dtype=float32), 5.0: array([[[ 0.9275723 , -0.25407088,  0.27396625, -0.3982741 ],\n",
       "        [-0.11389776,  0.5060657 ,  0.8549413 , -0.14531347],\n",
       "        [-0.35586062, -0.82422405,  0.44047448,  1.281921  ],\n",
       "        [ 0.        ,  0.        ,  0.        ,  1.        ]],\n",
       "\n",
       "       [[ 0.09792873, -0.5764677 ,  0.8112306 , -0.41232952],\n",
       "        [ 0.9716276 , -0.12095901, -0.20324571,  0.01874361],\n",
       "        [ 0.21529025,  0.8081176 ,  0.5482665 ,  1.1818678 ],\n",
       "        [ 0.        ,  0.        ,  0.        ,  1.        ]],\n",
       "\n",
       "       [[ 0.10882274, -0.24276361,  0.9639624 , -0.4683878 ],\n",
       "        [-0.8940199 ,  0.40006715,  0.20167951, -0.12907429],\n",
       "        [-0.4346101 , -0.8837489 , -0.1734991 ,  1.3913503 ],\n",
       "        [ 0.        ,  0.        ,  0.        ,  1.        ]],\n",
       "\n",
       "       [[ 0.05589449, -0.7842364 ,  0.6179395 , -0.40421122],\n",
       "        [ 0.3682391 , -0.5590835 , -0.7428497 ,  0.12246064],\n",
       "        [ 0.92804945,  0.26907068,  0.2575368 ,  1.2306458 ],\n",
       "        [ 0.        ,  0.        ,  0.        ,  1.        ]],\n",
       "\n",
       "       [[ 0.0893491 ,  0.85603   ,  0.5091457 , -0.3892863 ],\n",
       "        [ 0.8306668 , -0.34609997,  0.4361279 , -0.06778421],\n",
       "        [ 0.54955393,  0.38396275, -0.7419993 ,  1.3799118 ],\n",
       "        [ 0.        ,  0.        ,  0.        ,  1.        ]],\n",
       "\n",
       "       [[ 0.08612162,  0.98759395, -0.13130602, -0.3902052 ],\n",
       "        [ 0.7667969 , -0.1498519 , -0.624153  , -0.02860939],\n",
       "        [-0.63608617, -0.04693198, -0.77018946,  1.527321  ],\n",
       "        [ 0.        ,  0.        ,  0.        ,  1.        ]],\n",
       "\n",
       "       [[ 0.56461483,  0.11389666,  0.81745815, -0.38845974],\n",
       "        [-0.8031322 , -0.15246473,  0.5759628 , -0.08161815],\n",
       "        [ 0.19023377, -0.9817241 ,  0.00539026,  1.2855765 ],\n",
       "        [ 0.        ,  0.        ,  0.        ,  1.        ]],\n",
       "\n",
       "       [[ 0.720575  ,  0.30373073,  0.6233133 , -0.39236158],\n",
       "        [-0.18103395,  0.95018375, -0.2537272 ,  0.004248  ],\n",
       "        [-0.6693268 ,  0.06998859,  0.73966414,  1.2552133 ],\n",
       "        [ 0.        ,  0.        ,  0.        ,  1.        ]],\n",
       "\n",
       "       [[ 0.77847326, -0.33952677,  0.5279212 , -0.42293823],\n",
       "        [-0.05802362, -0.87639606, -0.47808272,  0.04601067],\n",
       "        [ 0.62499017,  0.34154272, -0.70195156,  1.3233056 ],\n",
       "        [ 0.        ,  0.        ,  0.        ,  1.        ]],\n",
       "\n",
       "       [[ 0.55983984, -0.4718361 ,  0.6811388 , -0.39730078],\n",
       "        [-0.8284564 , -0.33408806,  0.44949442, -0.15961552],\n",
       "        [ 0.01547267, -0.8159387 , -0.5779314 ,  1.4002191 ],\n",
       "        [ 0.        ,  0.        ,  0.        ,  1.        ]],\n",
       "\n",
       "       [[ 0.5239834 , -0.5891647 ,  0.6150825 , -0.44389763],\n",
       "        [ 0.04868083,  0.7416937 ,  0.66897   , -0.16810372],\n",
       "        [-0.8503362 , -0.32058647,  0.41731608,  1.3600276 ],\n",
       "        [ 0.        ,  0.        ,  0.        ,  1.        ]],\n",
       "\n",
       "       [[ 0.56669354,  0.108764  ,  0.8167183 , -0.4731261 ],\n",
       "        [-0.17595705, -0.9524053 ,  0.24892443, -0.08574712],\n",
       "        [ 0.80492085, -0.2847712 , -0.5205842 ,  1.4296244 ],\n",
       "        [ 0.        ,  0.        ,  0.        ,  1.        ]],\n",
       "\n",
       "       [[ 0.49974132, -0.05442705, -0.86446303, -0.28215766],\n",
       "        [-0.28364998, -0.9532762 , -0.10395771, -0.02461986],\n",
       "        [-0.8184139 ,  0.29715687, -0.49182972,  1.3284771 ],\n",
       "        [ 0.        ,  0.        ,  0.        ,  1.        ]],\n",
       "\n",
       "       [[ 0.82332736,  0.5548948 , -0.11926322, -0.3143153 ],\n",
       "        [ 0.26368964, -0.18789932,  0.9461298 , -0.1506584 ],\n",
       "        [ 0.50259304, -0.810423  , -0.30102265,  1.4401059 ],\n",
       "        [ 0.        ,  0.        ,  0.        ,  1.        ]],\n",
       "\n",
       "       [[-0.28654832,  0.25457075,  0.92362535, -0.46829548],\n",
       "        [ 0.11506827, -0.9479287 ,  0.29696843, -0.11680163],\n",
       "        [ 0.9511305 ,  0.19137578,  0.2423343 ,  1.4670562 ],\n",
       "        [ 0.        ,  0.        ,  0.        ,  1.        ]],\n",
       "\n",
       "       [[-0.2109347 ,  0.7324781 ,  0.6472885 , -0.46757758],\n",
       "        [-0.46898776, -0.65683013,  0.5904444 , -0.14764825],\n",
       "        [ 0.85764617, -0.17902517,  0.48207164,  1.3812975 ],\n",
       "        [ 0.        ,  0.        ,  0.        ,  1.        ]],\n",
       "\n",
       "       [[-0.42078447,  0.7887124 ,  0.44818875, -0.39205703],\n",
       "        [-0.06057058, -0.5173812 ,  0.8536087 , -0.11494814],\n",
       "        [ 0.9051362 ,  0.33203825,  0.26547876,  1.2259426 ],\n",
       "        [ 0.        ,  0.        ,  0.        ,  1.        ]],\n",
       "\n",
       "       [[ 0.20802197,  0.88388324,  0.41889998, -0.38521552],\n",
       "        [-0.89436775,  0.3452796 , -0.28440872, -0.03591916],\n",
       "        [-0.39602163, -0.31548738,  0.8623424 ,  1.2899011 ],\n",
       "        [ 0.        ,  0.        ,  0.        ,  1.        ]],\n",
       "\n",
       "       [[ 0.464486  , -0.29508308,  0.8349722 , -0.42522556],\n",
       "        [ 0.661416  ,  0.7425601 , -0.10551433,  0.05478379],\n",
       "        [-0.5888816 ,  0.6012739 ,  0.5400815 ,  1.169612  ],\n",
       "        [ 0.        ,  0.        ,  0.        ,  1.        ]],\n",
       "\n",
       "       [[ 0.15629713,  0.19785652,  0.96769005, -0.4792573 ],\n",
       "        [-0.76614106,  0.6426268 , -0.00764944, -0.14017531],\n",
       "        [-0.6233771 , -0.7401915 ,  0.25202674,  1.4852738 ],\n",
       "        [ 0.        ,  0.        ,  0.        ,  1.        ]]],\n",
       "      dtype=float32), 6.0: array([[[ 7.30223209e-02, -9.97259378e-01,  1.18953241e-02,\n",
       "         -1.92177340e-01],\n",
       "        [ 1.60780534e-01,  2.92598168e-10, -9.86990154e-01,\n",
       "          3.52056980e-01],\n",
       "        [ 9.84285235e-01,  7.39848465e-02,  1.60339907e-01,\n",
       "          7.12834239e-01],\n",
       "        [ 0.00000000e+00,  0.00000000e+00,  0.00000000e+00,\n",
       "          1.00000000e+00]],\n",
       "\n",
       "       [[ 9.97422636e-02,  9.88325298e-01, -1.15172073e-01,\n",
       "         -8.22313502e-02],\n",
       "        [-7.55927861e-01,  1.70281922e-09, -6.54655039e-01,\n",
       "          3.52797091e-01],\n",
       "        [-6.47011936e-01,  1.52358562e-01,  7.47102618e-01,\n",
       "          6.71324492e-01],\n",
       "        [ 0.00000000e+00,  0.00000000e+00,  0.00000000e+00,\n",
       "          1.00000000e+00]],\n",
       "\n",
       "       [[ 4.16650102e-02,  9.90796447e-01,  1.28787830e-01,\n",
       "         -2.66555727e-01],\n",
       "        [ 9.51448023e-01, -5.58607827e-10, -3.07809770e-01,\n",
       "          3.65671217e-01],\n",
       "        [-3.04976344e-01,  1.35359824e-01, -9.42691267e-01,\n",
